Jahr;season;Brandenburg/Berlin;Brandenburg;Baden-Wuerttemberg;Bayern;Hessen;Mecklenburg-Vorpommern;Niedersachsen;Niedersachsen/Hamburg/Bremen;Nordrhein-Westfalen;Rheinland-Pfalz;Schleswig-Holstein;Saarland;Sachsen;Sachsen-Anhalt;Thueringen/Sachsen-Anhalt;Thueringen;Deutschland;
1881;spring;     6.7;     6.7;     7.5;     6.2;     7.2;     5.5;     6.6;     6.6;     7.6;     7.8;     5.6;     8.3;     5.9;     6.8;     6.4;     6.0;     6.7;
1882;spring;     9.0;     8.9;     8.6;     7.8;     8.6;     8.1;     9.0;     9.0;     9.3;     8.9;     8.4;     9.3;     8.2;     9.0;     8.6;     8.0;     8.5;
1883;spring;     5.5;     5.5;     6.2;     5.0;     5.8;     5.0;     5.9;     5.9;     6.6;     6.4;     5.6;     6.9;     4.6;     5.6;     5.2;     4.7;     5.6;
1884;spring;     8.0;     8.0;     8.2;     7.2;     8.0;     7.2;     8.0;     8.0;     8.6;     8.3;     7.4;     8.7;     7.3;     8.0;     7.6;     7.2;     7.8;
1885;spring;     8.0;     8.0;     7.3;     6.7;     7.2;     6.7;     7.3;     7.3;     7.6;     7.3;     6.6;     7.7;     7.4;     7.8;     7.4;     6.9;     7.2;
1886;spring;     7.6;     7.6;     7.8;     6.8;     7.4;     6.6;     7.2;     7.2;     8.0;     7.8;     6.4;     8.2;     7.0;     7.6;     7.2;     6.7;     7.3;
1887;spring;     6.9;     6.9;     6.1;     5.3;     6.0;     6.2;     6.2;     6.2;     6.5;     6.2;     6.1;     6.5;     5.8;     6.7;     6.2;     5.5;     6.1;
1888;spring;     6.4;     6.4;     6.9;     6.1;     6.4;     5.1;     5.9;     5.8;     6.6;     6.8;     4.5;     7.1;     6.0;     6.5;     6.1;     5.7;     6.2;
1889;spring;     8.6;     8.6;     7.2;     6.6;     7.8;     7.3;     8.3;     8.3;     8.5;     7.9;     7.2;     8.0;     7.4;     8.4;     7.9;     7.2;     7.7;
1890;spring;     9.3;     9.3;     8.0;     7.5;     8.1;     8.1;     8.3;     8.3;     8.5;     8.2;     7.7;     8.5;     8.3;     8.9;     8.4;     7.7;     8.2;
1891;spring;     7.6;     7.6;     6.9;     6.4;     6.9;     6.3;     6.7;     6.7;     7.1;     7.0;     5.9;     7.1;     6.8;     7.4;     6.9;     6.3;     6.8;
1892;spring;     6.9;     6.9;     7.0;     6.0;     6.8;     6.0;     6.6;     6.6;     7.2;     7.2;     6.0;     7.6;     6.0;     7.0;     6.5;     5.9;     6.6;
1893;spring;     8.4;     8.4;     9.1;     7.8;     9.1;     7.4;     8.5;     8.5;     9.6;     9.6;     7.6;    10.0;     7.8;     8.7;     8.4;     8.0;     8.5;
1894;spring;     9.2;     9.2;     8.6;     7.9;     8.8;     8.2;     9.1;     9.1;     9.4;     8.9;     8.4;     9.2;     8.3;     9.1;     8.6;     8.0;     8.6;
1895;spring;     8.2;     8.2;     7.4;     6.4;     7.4;     7.3;     7.9;     7.9;     8.1;     7.7;     7.2;     8.0;     7.2;     8.0;     7.4;     6.7;     7.4;
1896;spring;     8.0;     8.0;     7.3;     6.2;     7.6;     7.2;     7.7;     7.7;     8.0;     7.9;     7.2;     8.3;     6.9;     7.8;     7.3;     6.7;     7.3;
1897;spring;     8.2;     8.2;     7.9;     6.8;     7.7;     7.2;     7.8;     7.8;     8.1;     8.1;     7.2;     8.3;     7.5;     8.2;     7.7;     7.1;     7.6;
1898;spring;     8.0;     8.0;     7.4;     6.8;     7.2;     6.5;     7.1;     7.1;     7.3;     7.3;     6.2;     7.6;     7.5;     7.7;     7.2;     6.6;     7.1;
1899;spring;     7.7;     7.7;     7.2;     6.2;     6.9;     6.7;     7.1;     7.1;     7.2;     7.2;     6.6;     7.4;     6.9;     7.5;     7.0;     6.3;     6.9;
1900;spring;     6.5;     6.5;     6.0;     4.9;     6.2;     5.7;     6.4;     6.5;     6.7;     6.5;     5.8;     6.7;     5.7;     6.6;     6.1;     5.4;     6.0;
1901;spring;     8.3;     8.3;     7.6;     7.2;     7.9;     7.1;     7.8;     7.8;     8.1;     8.1;     7.1;     8.2;     7.4;     8.2;     7.7;     7.0;     7.7;
1902;spring;     6.7;     6.7;     7.1;     6.3;     6.9;     5.6;     6.7;     6.7;     7.2;     7.3;     5.9;     7.6;     6.3;     6.8;     6.5;     6.0;     6.6;
1903;spring;     8.6;     8.6;     7.2;     6.9;     7.5;     7.6;     8.1;     8.2;     8.0;     7.5;     7.7;     7.6;     7.7;     8.5;     7.9;     7.1;     7.7;
1904;spring;     8.3;     8.3;     8.5;     8.0;     8.2;     7.0;     8.0;     8.0;     8.3;     8.5;     7.0;     8.6;     8.0;     8.4;     8.1;     7.7;     8.1;
1905;spring;     8.0;     7.9;     7.7;     7.0;     7.7;     6.9;     7.6;     7.6;     8.0;     8.0;     7.0;     8.3;     7.4;     7.9;     7.5;     7.0;     7.5;
1906;spring;     9.0;     9.0;     7.5;     7.0;     7.6;     7.5;     8.1;     8.1;     8.0;     7.7;     7.5;     7.9;     7.9;     8.7;     8.0;     7.2;     7.8;
1907;spring;     7.9;     7.9;     7.1;     6.5;     7.3;     6.8;     7.5;     7.5;     7.9;     7.5;     6.7;     7.8;     7.1;     7.8;     7.3;     6.6;     7.2;
1908;spring;     7.6;     7.6;     7.0;     6.6;     7.0;     6.5;     7.1;     7.1;     7.2;     7.2;     6.3;     7.5;     7.1;     7.5;     7.0;     6.4;     7.0;
1909;spring;     6.7;     6.7;     7.3;     6.5;     7.2;     5.4;     6.7;     6.7;     7.6;     7.6;     5.5;     8.0;     6.6;     6.9;     6.6;     6.3;     6.7;
1910;spring;     8.5;     8.5;     7.4;     7.0;     7.9;     7.6;     8.2;     8.2;     8.4;     7.8;     7.7;     8.1;     7.8;     8.2;     7.8;     7.3;     7.8;
1911;spring;     9.0;     9.0;     7.6;     7.4;     8.2;     7.9;     8.5;     8.5;     8.7;     8.2;     7.7;     8.3;     8.1;     8.9;     8.3;     7.6;     8.1;
1912;spring;     8.5;     8.5;     8.6;     7.8;     8.5;     7.5;     8.4;     8.4;     8.9;     8.9;     7.6;     9.1;     7.9;     8.6;     8.2;     7.8;     8.3;
1913;spring;     9.6;     9.6;     8.4;     7.9;     8.7;     8.5;     9.0;     9.0;     9.4;     9.0;     8.4;     9.2;     8.8;     9.4;     8.8;     8.2;     8.7;
1914;spring;     9.0;     9.0;     8.4;     7.9;     8.5;     8.4;     8.6;     8.6;     8.9;     8.8;     8.2;     9.0;     8.3;     8.9;     8.4;     7.8;     8.5;
1915;spring;     7.3;     7.3;     7.5;     7.2;     7.5;     6.4;     7.1;     7.1;     7.8;     8.0;     6.3;     8.2;     6.8;     7.4;     7.1;     6.6;     7.2;
1916;spring;     9.0;     9.0;     8.4;     8.5;     8.6;     7.7;     8.1;     8.1;     8.8;     8.8;     7.2;     8.8;     8.7;     8.8;     8.5;     8.1;     8.4;
1917;spring;     6.7;     6.7;     6.9;     6.2;     6.8;     5.4;     6.4;     6.4;     7.0;     7.2;     5.5;     7.4;     6.0;     6.8;     6.3;     5.8;     6.4;
1918;spring;    10.0;    10.0;     8.7;     8.7;     9.1;     8.6;     9.0;     9.0;     9.4;     9.2;     8.2;     9.2;     9.1;     9.5;     9.1;     8.5;     9.0;
1919;spring;     7.1;     7.1;     6.5;     5.9;     6.7;     6.7;     7.1;     7.1;     7.5;     7.3;     6.7;     7.5;     6.3;     7.1;     6.5;     5.9;     6.7;
1920;spring;    10.7;    10.7;     9.4;     9.4;     9.6;     9.7;     9.9;     9.9;    10.1;     9.7;     9.1;     9.7;    10.0;    10.6;    10.0;     9.4;     9.8;
1921;spring;    10.1;    10.1;     8.5;     8.3;     9.0;     9.5;     9.6;     9.6;     9.5;     9.1;     9.3;     9.3;     9.1;     9.9;     9.2;     8.4;     9.1;
1922;spring;     7.9;     7.9;     7.8;     7.3;     7.4;     7.3;     7.5;     7.5;     7.8;     8.0;     6.9;     8.1;     7.3;     7.9;     7.4;     6.8;     7.5;
1923;spring;     8.0;     8.0;     7.9;     7.6;     7.8;     7.0;     7.6;     7.6;     8.2;     8.2;     6.8;     8.3;     7.8;     8.1;     7.7;     7.2;     7.7;
1924;spring;     7.6;     7.6;     7.8;     7.3;     7.6;     6.4;     7.3;     7.3;     7.8;     8.0;     5.9;     8.2;     7.4;     7.8;     7.4;     7.0;     7.4;
1925;spring;     8.7;     8.7;     7.1;     7.0;     7.8;     7.9;     8.3;     8.3;     8.2;     7.9;     7.8;     7.9;     7.8;     8.5;     7.9;     7.2;     7.8;
1926;spring;     8.9;     8.9;     8.1;     7.7;     8.0;     7.8;     8.3;     8.3;     8.5;     8.2;     7.5;     8.4;     8.3;     8.8;     8.3;     7.6;     8.1;
1927;spring;     8.2;     8.2;     8.2;     7.8;     8.1;     7.4;     7.9;     7.9;     8.4;     8.4;     7.2;     8.7;     7.7;     8.4;     8.0;     7.4;     8.0;
1928;spring;     7.1;     7.1;     7.1;     6.5;     6.9;     6.4;     6.9;     6.9;     7.5;     7.3;     6.3;     7.5;     6.3;     7.0;     6.6;     6.0;     6.8;
1929;spring;     7.0;     7.0;     6.9;     6.2;     7.1;     6.2;     6.7;     6.7;     7.5;     7.5;     5.9;     7.7;     6.3;     7.1;     6.7;     6.2;     6.7;
1930;spring;     8.6;     8.6;     8.1;     7.7;     8.2;     7.5;     7.9;     7.9;     8.5;     8.5;     7.1;     8.8;     8.2;     8.4;     8.0;     7.5;     8.0;
1931;spring;     7.5;     7.5;     6.9;     6.2;     7.3;     6.6;     7.4;     7.4;     7.8;     7.6;     6.4;     7.8;     6.9;     7.6;     7.2;     6.6;     7.0;
1932;spring;     7.7;     7.6;     6.3;     6.1;     6.7;     6.8;     7.1;     7.1;     7.2;     6.9;     6.5;     7.1;     6.8;     7.5;     6.9;     6.2;     6.8;
1933;spring;     8.3;     8.2;     7.7;     7.0;     8.1;     7.6;     8.2;     8.2;     8.7;     8.5;     7.6;     8.8;     7.4;     8.4;     7.9;     7.4;     7.9;
1934;spring;    10.2;    10.2;     9.1;     9.0;     9.2;     8.9;     9.2;     9.2;     9.4;     9.4;     8.4;     9.6;     9.5;    10.0;     9.5;     8.8;     9.3;
1935;spring;     7.2;     7.2;     6.6;     6.1;     7.1;     6.5;     7.3;     7.3;     7.6;     7.4;     6.8;     7.7;     6.4;     7.3;     6.8;     6.2;     6.8;
1936;spring;     8.4;     8.4;     8.2;     7.9;     8.0;     6.9;     7.5;     7.5;     8.0;     8.3;     6.6;     8.7;     7.9;     8.2;     7.8;     7.3;     7.8;
1937;spring;     9.3;     9.3;     8.4;     8.1;     8.6;     8.1;     8.6;     8.6;     8.8;     8.7;     7.6;     8.9;     8.7;     9.2;     8.8;     8.2;     8.5;
1938;spring;     8.3;     8.3;     7.1;     6.6;     7.5;     7.7;     8.1;     8.1;     8.0;     7.8;     7.8;     8.1;     7.4;     8.2;     7.7;     7.0;     7.6;
1939;spring;     7.4;     7.4;     6.5;     6.2;     6.9;     6.7;     7.5;     7.5;     7.8;     7.3;     7.0;     7.7;     6.6;     7.4;     6.8;     6.2;     7.0;
1940;spring;     7.6;     7.6;     7.8;     7.2;     8.0;     6.3;     8.0;     7.9;     8.7;     8.4;     6.4;     8.7;     7.2;     8.0;     7.7;     7.3;     7.6;
1941;spring;     6.2;     6.2;     6.1;     5.6;     6.2;     5.2;     6.1;     6.1;     6.8;     6.7;     5.3;     7.1;     5.4;     6.2;     5.8;     5.3;     6.0;
1942;spring;     6.7;     6.7;     7.8;     7.0;     7.5;     5.3;     6.7;     6.7;     7.9;     8.2;     5.3;     8.7;     6.8;     7.0;     6.8;     6.6;     7.0;
1943;spring;     9.7;     9.7;     9.3;     8.6;     9.3;     8.9;     9.4;     9.4;     9.8;     9.7;     8.7;    10.0;     9.0;     9.6;     9.2;     8.7;     9.2;
1944;spring;     7.5;     7.4;     7.0;     6.2;     7.4;     6.7;     7.4;     7.4;     7.8;     7.7;     6.8;     7.9;     6.5;     7.5;     7.1;     6.5;     7.0;
1945;spring;    10.0;    10.0;     9.7;     9.1;     9.9;     9.3;     9.7;     9.7;    10.3;    10.2;     8.8;    10.5;     9.5;     9.7;     9.6;     9.4;     9.6;
1946;spring;    10.0;    10.0;     9.3;     9.3;     9.4;     9.3;     8.9;     8.9;     9.5;     9.3;     7.8;     9.4;     9.5;     9.8;     9.4;     8.8;     9.3;
1947;spring;     8.8;     8.8;     9.5;     9.1;     9.2;     7.4;     8.6;     8.6;     9.4;     9.6;     7.0;    10.0;     8.9;     9.1;     8.9;     8.5;     8.9;
1948;spring;    10.1;    10.1;     9.7;     9.5;    10.0;     8.9;     9.7;     9.7;    10.1;    10.2;     8.7;    10.6;     9.8;    10.3;     9.9;     9.4;     9.7;
1949;spring;     8.7;     8.7;     7.9;     7.7;     8.4;     7.7;     8.3;     8.3;     8.7;     8.6;     7.5;     9.1;     8.1;     8.8;     8.3;     7.7;     8.2;
1950;spring;     9.0;     9.0;     8.3;     8.1;     8.4;     8.1;     8.5;     8.6;     8.8;     8.6;     8.0;     9.1;     8.4;     8.9;     8.4;     7.7;     8.4;
1951;spring;     7.4;     7.3;     7.2;     6.8;     7.1;     6.4;     7.0;     7.0;     7.4;     7.3;     6.3;     7.6;     7.0;     7.3;     7.0;     6.5;     7.0;
1952;spring;     8.1;     8.1;     8.9;     8.0;     8.8;     7.3;     8.5;     8.5;     9.4;     9.4;     7.6;    10.0;     7.9;     8.5;     8.2;     7.9;     8.4;
1953;spring;     9.6;     9.6;     9.1;     8.5;     9.3;     8.6;     8.9;     8.9;     9.3;     9.6;     8.3;    10.4;     9.1;     9.5;     9.2;     8.8;     9.0;
1954;spring;     7.8;     7.8;     7.3;     6.8;     7.8;     6.8;     7.7;     7.7;     8.3;     8.1;     7.0;     8.5;     7.3;     7.9;     7.5;     7.0;     7.4;
1955;spring;     5.9;     5.9;     6.3;     5.5;     6.1;     5.1;     5.9;     5.9;     6.5;     6.7;     5.2;     7.2;     5.6;     6.0;     5.7;     5.3;     5.9;
1956;spring;     7.0;     7.0;     7.2;     6.4;     7.4;     6.2;     7.0;     7.0;     7.7;     7.8;     6.3;     8.2;     6.3;     7.1;     6.8;     6.4;     6.9;
1957;spring;     7.9;     7.9;     8.0;     7.4;     8.2;     6.8;     8.0;     8.0;     8.7;     8.6;     7.1;     9.1;     7.7;     8.1;     7.8;     7.4;     7.8;
1958;spring;     6.4;     6.4;     6.3;     5.8;     6.2;     5.5;     6.2;     6.2;     6.6;     6.6;     5.4;     7.0;     5.9;     6.4;     6.0;     5.4;     6.1;
1959;spring;     9.9;     9.9;     9.3;     8.9;     9.7;     8.8;     9.6;     9.6;    10.1;     9.9;     8.8;    10.3;     9.5;     9.9;     9.6;     9.1;     9.4;
1960;spring;     8.1;     8.1;     8.6;     7.9;     8.6;     7.0;     8.2;     8.2;     9.0;     9.1;     7.2;     9.7;     7.6;     8.2;     7.9;     7.5;     8.2;
1961;spring;     9.5;     9.5;     8.9;     8.5;     9.0;     8.7;     9.0;     9.0;     9.3;     9.3;     8.6;     9.8;     9.1;     9.4;     9.0;     8.6;     9.0;
1962;spring;     6.9;     6.9;     6.1;     5.6;     6.0;     5.7;     6.1;     6.1;     6.3;     6.3;     5.6;     6.6;     6.3;     6.6;     6.1;     5.4;     6.1;
1963;spring;     8.1;     8.1;     7.6;     7.0;     7.9;     6.7;     7.8;     7.8;     8.4;     8.1;     6.6;     8.6;     7.8;     8.3;     7.9;     7.4;     7.6;
1964;spring;     7.6;     7.6;     8.0;     7.3;     7.8;     6.7;     7.7;     7.7;     8.4;     8.2;     6.8;     8.7;     7.3;     7.7;     7.4;     7.0;     7.6;
1965;spring;     7.0;     7.0;     6.7;     5.9;     7.1;     6.1;     7.1;     7.1;     7.6;     7.4;     6.2;     7.8;     6.4;     7.2;     6.7;     6.2;     6.7;
1966;spring;     8.8;     8.8;     8.3;     7.8;     8.6;     7.3;     8.4;     8.4;     8.9;     8.8;     7.1;     9.0;     8.6;     8.9;     8.5;     8.0;     8.3;
1967;spring;     9.0;     9.0;     7.8;     7.4;     8.1;     8.2;     8.4;     8.4;     8.5;     8.3;     8.0;     8.7;     8.2;     8.7;     8.2;     7.6;     8.1;
1968;spring;     8.7;     8.6;     7.9;     7.5;     8.2;     7.8;     8.4;     8.4;     8.7;     8.3;     7.7;     8.6;     8.1;     8.5;     8.1;     7.5;     8.1;
1969;spring;     6.7;     6.7;     7.6;     7.2;     7.3;     5.6;     6.6;     6.6;     7.7;     7.8;     5.6;     8.2;     6.7;     6.8;     6.5;     6.2;     6.9;
1970;spring;     6.4;     6.3;     5.8;     5.2;     6.3;     5.2;     6.4;     6.4;     6.8;     6.6;     5.4;     6.8;     5.7;     6.5;     6.0;     5.4;     6.0;
1971;spring;     8.1;     8.1;     7.9;     7.3;     8.1;     6.9;     7.8;     7.8;     8.3;     8.4;     6.8;     8.8;     7.5;     8.1;     7.7;     7.2;     7.7;
1972;spring;     8.5;     8.5;     7.9;     7.6;     7.9;     7.4;     8.1;     8.1;     8.3;     8.1;     7.6;     8.4;     8.0;     8.4;     8.0;     7.4;     7.9;
1973;spring;     7.8;     7.8;     6.9;     6.4;     7.3;     7.3;     7.5;     7.5;     7.6;     7.6;     7.2;     7.9;     7.1;     7.7;     7.2;     6.6;     7.2;
1974;spring;     8.4;     8.4;     8.3;     7.9;     8.5;     7.3;     8.4;     8.4;     8.8;     8.7;     7.5;     9.2;     8.0;     8.5;     8.1;     7.6;     8.2;
1975;spring;     7.9;     7.9;     7.4;     7.2;     7.5;     6.8;     7.4;     7.4;     7.7;     7.6;     6.7;     7.9;     7.4;     7.8;     7.4;     6.9;     7.4;
1976;spring;     7.1;     7.1;     7.6;     6.7;     7.3;     6.1;     7.1;     7.1;     7.7;     7.8;     6.3;     8.3;     6.6;     7.2;     6.8;     6.3;     7.0;
1977;spring;     8.2;     8.2;     7.9;     7.6;     7.8;     7.3;     7.9;     8.0;     8.2;     8.1;     7.4;     8.4;     7.7;     8.2;     7.7;     7.2;     7.8;
1978;spring;     8.3;     8.3;     7.5;     6.9;     7.9;     6.9;     8.0;     8.0;     8.4;     8.1;     7.0;     8.3;     7.6;     8.2;     7.8;     7.2;     7.6;
1979;spring;     8.0;     8.0;     7.5;     7.1;     7.4;     7.0;     7.5;     7.5;     7.9;     7.6;     6.7;     7.9;     7.6;     7.9;     7.4;     6.9;     7.5;
1980;spring;     6.6;     6.5;     6.8;     6.1;     7.2;     5.8;     7.1;     7.1;     7.8;     7.6;     6.2;     8.0;     6.0;     6.8;     6.5;     6.0;     6.7;
1981;spring;     9.6;     9.6;     9.2;     8.8;     9.4;     8.6;     9.6;     9.6;    10.1;     9.6;     8.4;    10.0;     9.0;     9.7;     9.3;     8.8;     9.3;
1982;spring;     8.4;     8.4;     7.4;     7.0;     7.7;     7.6;     7.9;     8.0;     8.3;     8.0;     7.4;     8.5;     7.7;     8.4;     7.8;     7.2;     7.7;
1983;spring;     9.1;     9.1;     7.8;     7.8;     7.9;     8.0;     8.3;     8.3;     8.3;     7.8;     7.7;     8.0;     8.6;     8.9;     8.4;     7.7;     8.1;
1984;spring;     7.6;     7.6;     5.9;     5.7;     6.3;     6.8;     7.1;     7.1;     7.1;     6.6;     6.8;     7.0;     6.5;     7.2;     6.5;     5.7;     6.5;
1985;spring;     8.7;     8.7;     7.7;     7.3;     8.1;     7.2;     8.3;     8.3;     8.6;     8.2;     7.2;     8.5;     8.1;     8.6;     8.1;     7.5;     7.9;
1986;spring;     8.3;     8.3;     7.7;     7.8;     7.8;     7.1;     7.8;     7.8;     8.1;     7.8;     6.9;     8.1;     8.2;     8.2;     7.9;     7.4;     7.8;
1987;spring;     6.5;     6.4;     6.2;     5.4;     6.3;     5.6;     6.4;     6.4;     7.1;     6.9;     5.8;     7.4;     5.7;     6.4;     5.9;     5.2;     6.1;
1988;spring;     8.8;     8.8;     8.3;     7.8;     8.3;     7.8;     8.6;     8.6;     9.0;     8.8;     7.6;     9.3;     8.0;     8.7;     8.3;     7.7;     8.3;
1989;spring;     9.9;     9.9;     9.3;     8.8;     9.3;     8.9;     9.4;     9.4;     9.8;     9.7;     8.6;    10.1;     9.4;     9.8;     9.4;     8.8;     9.3;
1990;spring;    10.2;    10.2;     9.1;     8.7;     9.4;     9.4;     9.7;     9.7;     9.9;     9.6;     9.2;     9.9;     9.4;     9.9;     9.4;     8.8;     9.4;
1991;spring;     8.1;     8.1;     7.5;     6.8;     7.6;     7.4;     8.2;     8.2;     8.6;     8.2;     7.5;     8.7;     7.3;     8.1;     7.6;     6.9;     7.7;
1992;spring;     9.5;     9.5;     9.0;     8.4;     9.1;     8.6;     9.4;     9.5;     9.8;     9.5;     8.7;     9.9;     8.8;     9.5;     9.0;     8.4;     9.0;
1993;spring;    10.2;    10.2;     9.3;     9.0;     9.8;     8.8;     9.8;     9.8;    10.2;     9.9;     8.7;    10.2;     9.5;    10.2;     9.7;     9.1;     9.5;
1994;spring;     9.3;     9.3;     9.1;     8.7;     9.0;     8.3;     9.1;     9.1;     9.3;     9.2;     8.3;     9.5;     8.8;     9.4;     9.0;     8.4;     8.9;
1995;spring;     8.4;     8.4;     7.9;     7.6;     8.1;     7.4;     8.1;     8.1;     8.6;     8.4;     7.3;     8.7;     7.7;     8.3;     7.9;     7.3;     7.9;
1996;spring;     7.2;     7.2;     7.2;     6.5;     6.9;     6.1;     7.0;     7.0;     7.6;     7.5;     6.1;     7.9;     6.4;     7.1;     6.6;     6.1;     6.9;
1997;spring;     8.3;     8.3;     8.6;     7.9;     8.7;     7.4;     8.4;     8.4;     9.1;     9.1;     7.4;     9.6;     7.8;     8.5;     8.2;     7.8;     8.3;
1998;spring;     9.9;     9.9;     9.0;     8.6;     9.3;     8.8;     9.7;     9.7;     9.9;     9.5;     8.8;     9.8;     9.2;     9.9;     9.4;     8.8;     9.3;
1999;spring;     9.7;     9.6;     9.4;     8.9;     9.4;     8.6;     9.7;     9.7;    10.1;     9.7;     8.7;    10.0;     9.1;     9.8;     9.3;     8.8;     9.4;
2000;spring;    10.7;    10.7;     9.7;     9.5;    10.1;     9.5;    10.2;    10.2;    10.5;    10.1;     9.3;    10.2;    10.0;    10.6;    10.2;     9.6;    10.0;
2001;spring;     8.5;     8.5;     9.2;     8.8;     8.8;     7.5;     8.3;     8.3;     9.1;     9.3;     7.3;     9.6;     8.2;     8.7;     8.4;     8.0;     8.6;
2002;spring;     9.7;     9.6;     8.9;     8.7;     9.0;     8.7;     9.3;     9.3;     9.7;     9.4;     8.8;     9.6;     9.0;     9.4;     8.9;     8.3;     9.1;
2003;spring;     9.4;     9.4;     9.5;     9.0;     9.6;     8.4;     9.4;     9.4;    10.1;    10.2;     8.5;    10.7;     9.0;     9.5;     9.2;     8.8;     9.3;
2004;spring;     9.1;     9.1;     8.0;     7.5;     8.3;     8.4;     8.9;     8.9;     8.9;     8.7;     8.3;     9.1;     8.1;     8.9;     8.3;     7.7;     8.3;
2005;spring;     8.7;     8.7;     8.5;     8.0;     8.9;     7.8;     8.9;     8.9;     9.5;     9.3;     7.8;     9.7;     8.2;     8.9;     8.5;     8.0;     8.6;
2006;spring;     7.8;     7.8;     7.6;     7.2;     7.6;     6.8;     7.8;     7.8;     8.2;     8.1;     6.7;     8.5;     7.4;     7.9;     7.5;     7.0;     7.5;
2007;spring;    11.2;    11.1;    10.5;    10.1;    10.7;    10.2;    10.9;    10.9;    11.2;    11.2;    10.0;    11.5;    10.4;    10.9;    10.5;    10.0;    10.6;
2008;spring;     9.3;     9.2;     8.7;     8.3;     8.9;     8.4;     9.1;     9.1;     9.3;     9.2;     8.5;     9.4;     8.5;     9.2;     8.7;     8.1;     8.8;
2009;spring;    10.5;    10.5;     9.7;     9.4;    10.0;     9.4;    10.3;    10.3;    10.4;    10.3;     9.4;    10.5;     9.9;    10.4;    10.0;     9.5;     9.9;
2010;spring;     8.2;     8.2;     7.8;     7.4;     7.9;     7.3;     8.0;     8.0;     8.2;     8.2;     7.3;     8.6;     7.6;     8.1;     7.7;     7.3;     7.8;
2011;spring;    10.4;    10.4;    10.4;     9.7;    10.5;     9.3;    10.1;    10.1;    10.8;    11.1;     9.1;    11.5;     9.8;    10.4;    10.0;     9.6;    10.1;
2012;spring;    10.3;    10.3;     9.7;     9.4;     9.9;     9.0;     9.9;     9.9;    10.2;    10.1;     8.7;    10.3;     9.8;    10.3;    10.0;     9.5;     9.8;
2013;spring;     7.1;     7.1;     6.8;     6.6;     6.6;     6.5;     6.6;     6.6;     7.0;     7.0;     6.1;     7.2;     6.3;     6.7;     6.3;     5.8;     6.7;
2014;spring;    10.5;    10.5;     9.8;     9.4;    10.2;     9.7;    10.4;    10.4;    10.7;    10.6;     9.6;    10.8;     9.9;    10.5;    10.1;     9.6;    10.0;
2015;spring;     9.0;     9.0;     9.0;     8.5;     8.7;     8.2;     8.5;     8.5;     8.9;     9.2;     7.9;     9.6;     8.5;     8.9;     8.6;     8.1;     8.6;
2016;spring;     9.4;     9.4;     8.0;     8.0;     8.3;     8.8;     8.9;     8.9;     8.9;     8.5;     8.4;     8.6;     8.4;     9.2;     8.6;     7.9;     8.5;
2017;spring;     9.8;     9.8;     9.6;     9.2;     9.7;     8.9;     9.8;     9.8;    10.3;    10.3;     8.8;    10.6;     9.3;    10.0;     9.6;     9.2;     9.6;
1881;autumn;     8.1;     8.1;     7.3;     6.4;     7.6;     8.0;     8.2;     8.2;     8.5;     7.9;     8.3;     8.0;     7.0;     7.9;     7.5;     6.9;     7.6;
1882;autumn;     9.2;     9.2;     8.5;     7.8;     8.7;     8.8;     8.9;     8.9;     9.2;     9.1;     9.0;     9.2;     8.5;     8.9;     8.5;     8.0;     8.6;
1883;autumn;     9.7;     9.7;     8.2;     7.5;     8.6;     9.3;     9.4;     9.4;     9.4;     8.7;     9.3;     8.8;     8.7;     9.5;     9.0;     8.3;     8.7;
1884;autumn;     8.6;     8.5;     7.5;     6.7;     7.9;     8.6;     8.8;     8.8;     8.9;     8.2;     8.8;     8.2;     7.6;     8.3;     7.8;     7.1;     8.0;
1885;autumn;     8.2;     8.2;     7.8;     7.2;     7.6;     7.5;     7.5;     7.5;     8.0;     7.9;     7.3;     8.0;     7.7;     7.9;     7.5;     7.1;     7.6;
1886;autumn;    10.4;    10.3;     9.8;     9.0;     9.9;    10.1;    10.3;    10.3;    10.7;    10.2;    10.1;    10.3;     9.7;    10.3;     9.8;     9.3;     9.9;
1887;autumn;     8.0;     8.0;     6.3;     5.8;     6.4;     7.8;     7.5;     7.6;     7.3;     6.6;     7.7;     6.6;     7.0;     7.6;     6.9;     6.1;     6.9;
1888;autumn;     8.0;     7.9;     7.3;     6.4;     7.3;     7.7;     7.9;     7.9;     8.2;     7.7;     7.9;     7.9;     7.1;     7.8;     7.2;     6.6;     7.4;
1889;autumn;     7.9;     7.9;     7.1;     6.4;     7.0;     7.9;     7.9;     7.9;     7.8;     7.3;     8.2;     7.4;     7.0;     7.7;     7.2;     6.5;     7.3;
1890;autumn;     8.5;     8.5;     7.2;     6.5;     7.8;     8.3;     8.4;     8.4;     8.5;     7.9;     8.5;     8.0;     7.4;     8.3;     7.8;     7.1;     7.7;
1891;autumn;     9.6;     9.5;     8.4;     7.7;     8.7;     9.3;     9.4;     9.4;     9.6;     8.8;     9.4;     9.0;     8.8;     9.4;     8.9;     8.2;     8.8;
1892;autumn;     8.3;     8.3;     8.5;     7.4;     7.9;     8.0;     8.3;     8.3;     9.0;     8.3;     8.1;     8.5;     7.8;     8.0;     7.7;     7.3;     8.1;
1893;autumn;     8.9;     8.8;     8.2;     7.4;     7.8;     8.4;     8.5;     8.5;     8.5;     8.0;     8.4;     8.2;     8.1;     8.6;     8.1;     7.4;     8.1;
1894;autumn;     8.3;     8.3;     7.9;     7.3;     7.8;     8.1;     8.3;     8.3;     8.6;     8.2;     8.3;     8.5;     7.8;     8.3;     7.8;     7.2;     8.0;
1895;autumn;     9.2;     9.2;     9.7;     8.5;     9.1;     8.7;     9.0;     9.0;     9.6;     9.5;     8.8;     9.9;     8.9;     9.2;     8.9;     8.5;     9.0;
1896;autumn;     8.2;     8.2;     7.4;     6.6;     7.4;     7.9;     7.8;     7.8;     7.9;     7.5;     8.0;     7.6;     7.8;     8.0;     7.5;     6.9;     7.5;
1897;autumn;     7.8;     7.8;     7.4;     6.4;     7.3;     7.8;     8.0;     8.0;     8.3;     7.6;     8.0;     7.8;     7.3;     7.8;     7.4;     6.8;     7.5;
1898;autumn;     8.9;     8.9;     9.6;     8.5;     9.0;     8.5;     9.2;     9.2;     9.8;     9.4;     9.0;     9.7;     9.1;     9.1;     8.7;     8.3;     9.0;
1899;autumn;     9.5;     9.5;     8.7;     7.7;     8.7;     9.2;     9.5;     9.5;     9.6;     8.8;     9.4;     9.0;     9.0;     9.4;     8.9;     8.3;     8.9;
1900;autumn;     9.5;     9.5;     9.3;     8.3;     8.8;     9.2;     9.4;     9.4;     9.4;     8.9;     9.3;     9.2;     9.1;     9.4;     8.9;     8.3;     9.0;
1901;autumn;     9.3;     9.2;     7.7;     7.3;     8.1;     9.2;     9.1;     9.2;     9.1;     8.2;     9.4;     8.3;     8.3;     8.9;     8.3;     7.6;     8.4;
1902;autumn;     6.8;     6.8;     7.2;     6.5;     6.9;     6.5;     7.2;     7.2;     7.7;     7.3;     7.1;     7.6;     6.5;     6.8;     6.4;     5.8;     6.9;
1903;autumn;     9.5;     9.5;     9.0;     8.5;     9.3;     8.8;     9.7;     9.7;     9.9;     9.5;     9.2;     9.6;     9.2;     9.6;     9.2;     8.7;     9.2;
1904;autumn;     8.5;     8.5;     7.6;     6.9;     7.6;     8.2;     8.4;     8.4;     8.3;     7.9;     8.5;     7.9;     7.7;     8.3;     7.8;     7.2;     7.8;
1905;autumn;     7.4;     7.4;     6.5;     6.1;     6.6;     7.1;     7.1;     7.2;     7.2;     7.0;     7.2;     7.2;     6.7;     7.1;     6.6;     6.0;     6.8;
1906;autumn;    10.0;    10.0;     9.2;     8.5;     9.5;     9.8;    10.2;    10.2;    10.2;     9.6;    10.2;     9.7;     9.4;    10.0;     9.5;     8.9;     9.5;
1907;autumn;     9.5;     9.4;     9.4;     8.5;     9.3;     9.0;     9.4;     9.4;    10.1;     9.5;     9.1;     9.8;     9.2;     9.2;     9.0;     8.6;     9.2;
1908;autumn;     7.4;     7.4;     7.0;     6.1;     7.0;     7.4;     7.9;     7.9;     8.5;     7.4;     8.0;     7.8;     6.9;     7.3;     7.0;     6.5;     7.2;
1909;autumn;     9.0;     9.0;     7.9;     7.4;     8.1;     8.9;     9.0;     9.0;     8.8;     8.2;     9.0;     8.3;     8.3;     8.8;     8.3;     7.6;     8.3;
1910;autumn;     8.0;     8.0;     7.6;     7.0;     7.7;     7.9;     8.3;     8.3;     8.6;     8.0;     8.3;     8.2;     7.5;     7.9;     7.5;     7.0;     7.8;
1911;autumn;     9.5;     9.5;     9.4;     8.6;     9.1;     9.2;     9.4;     9.4;     9.7;     9.4;     9.4;     9.7;     9.2;     9.5;     9.1;     8.5;     9.2;
1912;autumn;     6.5;     6.5;     5.5;     4.7;     5.8;     6.7;     7.0;     7.0;     7.0;     6.3;     7.2;     6.5;     5.7;     6.5;     6.0;     5.2;     6.1;
1913;autumn;     9.9;     9.8;     9.5;     8.8;     9.6;     9.7;    10.0;    10.1;    10.5;    10.0;     9.9;    10.3;     9.5;     9.8;     9.4;     8.9;     9.6;
1914;autumn;     8.4;     8.4;     7.4;     7.0;     7.8;     8.4;     8.8;     8.8;     8.8;     8.1;     8.9;     8.3;     7.8;     8.3;     7.8;     7.2;     8.0;
1915;autumn;     7.1;     7.1;     6.2;     5.5;     6.6;     7.2;     7.1;     7.1;     7.3;     7.0;     7.4;     7.3;     6.2;     6.8;     6.4;     5.8;     6.6;
1916;autumn;     8.8;     8.8;     8.0;     7.5;     8.3;     8.5;     8.8;     8.8;     9.1;     8.7;     8.6;     8.8;     8.2;     8.6;     8.2;     7.6;     8.3;
1917;autumn;     9.8;     9.8;     8.6;     8.1;     8.6;     9.2;     9.3;     9.3;     9.3;     9.0;     9.1;     9.0;     9.1;     9.5;     9.0;     8.3;     8.9;
1918;autumn;     8.7;     8.6;     7.4;     7.1;     7.6;     8.3;     8.4;     8.4;     8.5;     8.0;     8.3;     8.1;     8.1;     8.3;     7.8;     7.3;     7.9;
1919;autumn;     7.3;     7.3;     7.3;     6.9;     7.0;     7.0;     7.1;     7.1;     7.4;     7.5;     7.0;     7.4;     6.9;     7.2;     6.8;     6.4;     7.1;
1920;autumn;     6.9;     6.9;     7.2;     6.6;     7.0;     7.0;     7.3;     7.3;     7.9;     7.5;     7.4;     7.7;     6.6;     6.9;     6.5;     6.1;     7.0;
1921;autumn;     8.1;     8.1;     8.2;     7.4;     8.1;     8.0;     8.4;     8.4;     9.0;     8.7;     8.3;     8.4;     7.8;     8.2;     7.7;     7.2;     8.1;
1922;autumn;     6.5;     6.5;     6.1;     5.6;     6.1;     6.5;     6.6;     6.7;     6.9;     6.7;     6.8;     6.7;     5.8;     6.4;     6.0;     5.5;     6.3;
1923;autumn;     9.3;     9.3;     8.8;     8.4;     8.5;     8.9;     8.9;     8.9;     8.9;     8.8;     8.7;     8.8;     8.9;     9.2;     8.8;     8.3;     8.8;
1924;autumn;     9.2;     9.2;     8.4;     7.7;     8.3;     9.1;     9.1;     9.1;     9.2;     8.5;     9.2;     8.6;     8.6;     9.0;     8.6;     8.0;     8.6;
1925;autumn;     7.6;     7.6;     6.9;     6.5;     6.9;     7.3;     7.6;     7.6;     7.5;     7.2;     7.5;     7.3;     7.3;     7.5;     7.1;     6.6;     7.2;
1926;autumn;     9.7;     9.7;     9.7;     9.2;     9.4;     9.2;     9.5;     9.5;     9.9;     9.7;     9.1;     9.8;     9.6;     9.7;     9.4;     9.0;     9.5;
1927;autumn;     8.5;     8.5;     8.1;     7.7;     8.1;     8.2;     8.5;     8.5;     8.9;     8.6;     8.6;     8.6;     8.1;     8.4;     8.0;     7.5;     8.2;
1928;autumn;     9.7;     9.7;     8.8;     8.4;     8.9;     9.4;     9.4;     9.4;     9.5;     9.2;     9.6;     9.3;     9.0;     9.5;     9.0;     8.4;     9.1;
1929;autumn;    10.5;    10.5;     9.9;     9.3;     9.9;     9.9;    10.2;    10.2;    10.6;    10.2;     9.9;    10.2;    10.2;    10.4;    10.1;     9.6;    10.0;
1930;autumn;     9.5;     9.5;     9.3;     8.6;     9.2;     9.2;     9.6;     9.6;     9.9;     9.6;     9.5;     9.6;     9.1;     9.6;     9.2;     8.7;     9.3;
1931;autumn;     7.8;     7.8;     6.8;     6.2;     7.3;     7.7;     8.2;     8.2;     8.4;     7.6;     8.2;     7.7;     7.0;     7.9;     7.4;     6.8;     7.4;
1932;autumn;     9.6;     9.6;     9.4;     8.9;     9.0;     9.1;     9.2;     9.2;     9.4;     9.4;     9.1;     9.6;     9.3;     9.6;     9.2;     8.7;     9.2;
1933;autumn;     8.5;     8.5;     8.2;     7.5;     8.2;     8.5;     8.7;     8.7;     9.0;     8.7;     9.1;     8.9;     7.9;     8.5;     8.1;     7.5;     8.3;
1934;autumn;    10.4;    10.4;     8.9;     8.6;     9.6;    10.3;    10.6;    10.6;    10.5;     9.8;    10.6;     9.8;     9.6;    10.5;     9.9;     9.2;     9.8;
1935;autumn;     9.6;     9.6;     8.8;     8.4;     8.9;     9.3;     9.7;     9.7;     9.8;     9.1;     9.6;     9.1;     9.1;     9.7;     9.2;     8.5;     9.1;
1936;autumn;     8.0;     8.0;     7.3;     6.8;     7.7;     8.0;     8.4;     8.4;     8.5;     8.1;     8.3;     8.1;     7.2;     8.1;     7.6;     7.0;     7.7;
1937;autumn;     9.2;     9.2;     8.2;     7.8;     8.6;     9.1;     9.1;     9.1;     9.3;     8.8;     9.2;     8.8;     8.7;     9.2;     8.8;     8.3;     8.7;
1938;autumn;    10.5;    10.4;     9.3;     8.6;     9.6;    10.4;    10.6;    10.6;    10.6;     9.9;    10.5;    10.1;     9.7;    10.5;     9.9;     9.3;     9.8;
1939;autumn;     8.6;     8.6;     8.4;     7.7;     8.4;     8.5;     8.9;     8.9;     9.2;     8.8;     8.7;     9.0;     8.1;     8.7;     8.3;     7.8;     8.4;
1940;autumn;     8.6;     8.6;     8.6;     8.1;     8.4;     8.3;     8.7;     8.7;     9.0;     8.8;     8.5;     9.0;     8.3;     8.6;     8.3;     7.9;     8.5;
1941;autumn;     7.3;     7.2;     7.3;     6.5;     7.6;     7.3;     8.0;     8.0;     8.5;     8.1;     7.8;     8.3;     6.8;     7.6;     7.2;     6.8;     7.4;
1942;autumn;    10.0;    10.0;     9.7;     9.2;    10.0;     9.7;    10.1;    10.1;    10.4;    10.2;     9.9;    10.2;     9.8;    10.3;    10.0;     9.6;     9.8;
1943;autumn;     9.0;     9.0;     8.7;     8.2;     8.6;     8.9;     9.0;     9.0;     9.3;     8.9;     9.1;     9.0;     8.8;     9.0;     8.6;     8.2;     8.8;
1944;autumn;     9.3;     9.2;     8.0;     7.7;     8.3;     8.9;     9.1;     9.1;     9.0;     8.4;     8.9;     8.5;     8.7;     9.2;     8.7;     8.0;     8.5;
1945;autumn;     9.5;     9.5;     8.5;     7.9;     9.1;     9.7;     9.6;     9.6;     9.7;     9.4;     9.7;     9.4;     8.8;     9.1;     8.8;     8.4;     9.0;
1946;autumn;     8.2;     8.2;     8.2;     7.5;     8.5;     8.6;     9.0;     9.0;     9.3;     8.8;     8.8;     9.0;     7.6;     8.6;     8.3;     7.9;     8.4;
1947;autumn;    10.0;    10.0;     9.8;     9.3;     9.9;     9.7;    10.2;    10.2;    10.6;    10.4;     9.9;    10.6;     9.9;    10.2;     9.8;     9.3;     9.9;
1948;autumn;     9.6;     9.6;     8.3;     8.1;     8.5;     9.3;     9.5;     9.5;     9.5;     8.7;     9.6;     8.9;     9.1;     9.6;     9.0;     8.3;     8.9;
1949;autumn;    10.4;    10.4;     9.9;     9.4;    10.1;    10.5;    10.7;    10.7;    10.9;    10.6;    10.9;    10.9;    10.0;    10.6;    10.2;     9.6;    10.2;
1950;autumn;     8.7;     8.7;     8.2;     7.5;     8.2;     8.4;     8.7;     8.7;     8.9;     8.6;     8.8;     8.7;     8.2;     8.8;     8.3;     7.8;     8.3;
1951;autumn;     9.8;     9.8;     9.0;     8.7;     9.3;     9.6;     9.8;     9.8;    10.1;     9.6;     9.9;    10.0;     9.5;     9.7;     9.4;     8.9;     9.4;
1952;autumn;     6.8;     6.8;     6.4;     5.8;     6.3;     6.7;     6.6;     6.6;     6.8;     6.6;     6.8;     6.8;     6.3;     6.6;     6.3;     5.8;     6.4;
1953;autumn;    10.1;    10.0;     8.8;     8.5;     9.4;     9.9;    10.2;    10.2;    10.4;     9.7;    10.3;    10.0;     9.7;    10.1;     9.7;     9.2;     9.6;
1954;autumn;     9.4;     9.4;     8.8;     8.1;     9.1;     9.1;     9.8;     9.8;    10.1;     9.3;     9.4;     9.5;     9.0;     9.7;     9.2;     8.7;     9.1;
1955;autumn;     9.1;     9.1;     7.5;     7.1;     8.1;     9.2;     9.3;     9.3;     9.2;     8.3;     9.5;     8.5;     8.4;     9.0;     8.5;     7.8;     8.4;
1956;autumn;     8.4;     8.4;     7.7;     7.2;     8.0;     8.4;     8.9;     8.9;     9.0;     8.4;     8.9;     8.6;     7.8;     8.5;     8.1;     7.5;     8.2;
1957;autumn;     8.9;     8.9;     8.1;     7.5;     8.4;     8.7;     9.1;     9.1;     9.3;     8.7;     9.0;     9.0;     8.4;     8.9;     8.4;     7.9;     8.5;
1958;autumn;     9.7;     9.7;     8.8;     8.4;     9.3;     9.7;    10.0;    10.0;    10.1;     9.4;    10.0;     9.6;     9.3;     9.7;     9.3;     8.9;     9.3;
1959;autumn;     8.2;     8.2;     8.2;     7.3;     8.5;     8.6;     9.1;     9.1;     9.7;     9.0;     9.1;     9.7;     8.1;     8.4;     8.2;     7.8;     8.4;
1960;autumn;     9.5;     9.4;     8.6;     8.3;     9.2;     9.3;     9.8;     9.8;    10.0;     9.3;     9.5;     9.5;     9.1;     9.7;     9.3;     8.7;     9.2;
1961;autumn;    10.5;    10.4;    10.0;     9.3;    10.2;    10.3;    10.5;    10.5;    10.9;    10.4;    10.4;    10.7;    10.4;    10.6;    10.3;     9.9;    10.2;
1962;autumn;     8.4;     8.4;     7.6;     7.1;     7.6;     8.4;     8.6;     8.6;     8.6;     8.1;     8.9;     8.4;     8.1;     8.3;     7.9;     7.3;     8.0;
1963;autumn;    10.3;    10.3;     9.6;     9.1;     9.4;     9.8;     9.9;     9.9;    10.3;     9.8;     9.8;    10.1;    10.1;    10.1;     9.7;     9.2;     9.7;
1964;autumn;     8.8;     8.8;     8.5;     7.9;     8.5;     8.7;     8.7;     8.7;     9.1;     8.8;     8.8;     9.0;     8.4;     8.7;     8.4;     7.9;     8.5;
1965;autumn;     7.5;     7.5;     7.3;     6.7;     7.2;     7.7;     7.7;     7.7;     8.1;     7.5;     8.0;     8.0;     7.3;     7.4;     7.1;     6.7;     7.4;
1966;autumn;     9.0;     9.0;     8.8;     8.3;     8.7;     8.8;     9.1;     9.1;     9.3;     9.0;     9.1;     9.4;     8.8;     9.0;     8.6;     8.2;     8.8;
1967;autumn;    10.4;    10.4;     9.1;     8.7;     9.3;    10.0;    10.0;    10.0;    10.0;     9.3;    10.1;     9.5;    10.0;    10.2;     9.7;     9.1;     9.6;
1968;autumn;     9.5;     9.5;     8.6;     8.1;     8.9;     9.7;     9.8;     9.8;     9.9;     9.0;    10.1;     9.2;     9.0;     9.5;     9.0;     8.5;     9.1;
1969;autumn;    10.1;    10.1;     9.1;     8.7;     9.3;     9.9;    10.3;    10.3;    10.5;     9.6;    10.1;     9.8;     9.7;    10.0;     9.6;     9.0;     9.6;
1970;autumn;     9.3;     9.3;     9.2;     8.6;     9.3;     9.0;     9.8;     9.8;    10.3;     9.7;     9.3;    10.0;     9.0;     9.5;     9.2;     8.7;     9.3;
1971;autumn;     8.6;     8.6;     7.8;     7.0;     7.9;     8.7;     8.8;     8.8;     8.8;     8.4;     9.0;     8.5;     7.9;     8.6;     8.0;     7.4;     8.1;
1972;autumn;     7.8;     7.8;     6.8;     6.0;     7.0;     8.0;     8.0;     8.0;     8.0;     7.4;     8.1;     7.7;     7.1;     7.6;     7.1;     6.5;     7.2;
1973;autumn;     8.3;     8.3;     8.2;     7.4;     8.4;     8.1;     8.7;     8.7;     9.1;     8.8;     8.4;     9.1;     7.9;     8.5;     8.1;     7.6;     8.2;
1974;autumn;     8.6;     8.6;     7.2;     6.7;     7.6;     8.6;     8.6;     8.6;     8.4;     7.7;     8.6;     7.9;     7.8;     8.6;     8.0;     7.2;     7.8;
1975;autumn;     9.1;     9.1;     8.5;     7.9;     8.5;     8.9;     9.1;     9.1;     9.3;     8.8;     9.0;     9.1;     8.8;     9.1;     8.7;     8.1;     8.7;
1976;autumn;     9.3;     9.3;     8.6;     8.1;     9.0;     9.0;     9.6;     9.6;     9.9;     9.3;     9.5;     9.5;     8.9;     9.3;     8.9;     8.4;     9.0;
1977;autumn;     9.4;     9.4;     8.7;     8.2;     9.0;     9.2;     9.7;     9.7;     9.8;     9.1;     9.4;     9.2;     9.0;     9.5;     9.1;     8.6;     9.0;
1978;autumn;     9.2;     9.2;     7.8;     7.2;     8.1;     9.4;     9.5;     9.5;     9.3;     8.2;     9.7;     8.2;     8.3;     9.0;     8.5;     7.7;     8.5;
1979;autumn;     8.5;     8.5;     8.7;     7.7;     8.4;     8.3;     8.9;     8.9;     9.3;     9.0;     8.7;     9.3;     8.0;     8.6;     8.2;     7.6;     8.5;
1980;autumn;     8.7;     8.7;     8.0;     7.4;     8.1;     8.7;     9.0;     9.0;     9.1;     8.4;     9.0;     8.5;     8.1;     8.7;     8.2;     7.6;     8.3;
1981;autumn;     9.3;     9.3;     8.8;     8.4;     8.7;     8.9;     9.2;     9.2;     9.3;     9.0;     9.0;     9.2;     8.8;     9.3;     8.8;     8.3;     8.9;
1982;autumn;    11.1;    11.1;     9.9;     9.4;    10.3;    10.5;    11.0;    11.0;    11.3;    10.5;    10.4;    10.7;    10.8;    11.2;    10.7;    10.1;    10.4;
1983;autumn;     9.4;     9.4;     8.2;     7.6;     8.4;     9.3;     9.5;     9.5;     9.5;     8.7;     9.5;     8.9;     8.9;     9.5;     8.9;     8.2;     8.8;
1984;autumn;     9.3;     9.3;     8.9;     8.3;     9.0;     9.1;     9.7;     9.7;    10.3;     9.4;     9.5;     9.7;     9.1;     9.5;     9.1;     8.5;     9.2;
1985;autumn;     8.1;     8.1;     7.6;     6.9;     7.5;     8.0;     8.2;     8.2;     8.3;     7.9;     8.2;     8.3;     7.5;     8.0;     7.6;     7.0;     7.7;
1986;autumn;     9.2;     9.2;     8.9;     8.0;     8.7;     9.1;     9.5;     9.5;     9.7;     9.1;     9.3;     9.5;     8.9;     9.3;     8.8;     8.2;     8.9;
1987;autumn;     9.8;     9.7;     9.8;     9.1;     9.4;     9.4;     9.9;     9.9;    10.2;     9.8;     9.6;    10.1;     9.3;     9.7;     9.3;     8.9;     9.6;
1988;autumn;     8.8;     8.8;     8.5;     7.9;     8.5;     8.6;     9.1;     9.2;     9.4;     8.8;     9.0;     9.0;     8.2;     9.0;     8.6;     8.0;     8.6;
1989;autumn;     9.9;     9.9;     8.3;     7.8;     9.1;     9.7;     9.9;     9.9;    10.2;     9.3;     9.7;     9.5;     9.3;     9.9;     9.4;     8.8;     9.2;
1990;autumn;     9.2;     9.2;     8.6;     7.9;     8.6;     9.1;     9.4;     9.4;     9.5;     9.0;     9.3;     9.3;     8.6;     9.2;     8.7;     8.1;     8.8;
1991;autumn;     9.6;     9.6;     8.7;     8.0;     8.9;     9.3;     9.4;     9.4;     9.6;     9.2;     9.2;     9.5;     8.9;     9.4;     9.0;     8.4;     9.0;
1992;autumn;     8.2;     8.2;     8.7;     8.0;     8.3;     8.1;     8.9;     8.9;     9.1;     8.7;     8.5;     8.9;     8.1;     8.5;     8.1;     7.6;     8.4;
1993;autumn;     7.0;     7.0;     6.8;     6.5;     6.7;     6.8;     7.0;     7.1;     7.4;     7.0;     6.9;     7.4;     6.5;     6.8;     6.5;     6.0;     6.8;
1994;autumn;     9.3;     9.2;     9.6;     9.0;     9.4;     9.1;     9.6;     9.6;    10.1;     9.9;     9.3;    10.3;     9.0;     9.3;     9.0;     8.7;     9.4;
1995;autumn;     9.2;     9.2;     8.7;     8.0;     9.0;     9.3;    10.0;    10.0;    10.2;     9.5;     9.8;     9.8;     8.6;     9.5;     9.1;     8.4;     9.1;
1996;autumn;     8.7;     8.7;     7.8;     7.4;     8.0;     8.4;     8.7;     8.7;     8.7;     8.4;     8.7;     8.8;     8.0;     8.5;     8.1;     7.6;     8.2;
1997;autumn;     8.5;     8.5;     8.6;     7.9;     8.4;     8.4;     8.8;     8.8;     9.2;     9.0;     8.5;     9.5;     7.9;     8.6;     8.2;     7.8;     8.4;
1998;autumn;     8.0;     8.0;     7.7;     7.4;     7.8;     7.9;     8.3;     8.3;     8.5;     8.0;     8.2;     8.2;     7.5;     8.1;     7.7;     7.3;     7.9;
1999;autumn;    10.2;    10.2;     9.0;     8.6;     9.5;    10.2;    10.8;    10.8;    10.7;     9.8;    10.6;     9.8;     9.5;    10.4;     9.8;     9.1;     9.8;
2000;autumn;    10.7;    10.7;     9.8;     9.3;    10.0;    10.4;    10.8;    10.8;    11.0;    10.2;    10.6;    10.4;    10.3;    10.6;    10.2;     9.7;    10.2;
2001;autumn;     9.8;     9.8;     8.6;     8.1;     9.2;     9.8;    10.4;    10.4;    10.3;     9.4;    10.3;     9.6;     9.1;     9.9;     9.4;     8.8;     9.4;
2002;autumn;     8.8;     8.8;     9.2;     8.4;     9.2;     8.8;     9.3;     9.3;     9.9;     9.8;     9.1;    10.1;     8.4;     8.9;     8.7;     8.3;     9.0;
2003;autumn;     8.9;     8.9;     8.3;     7.6;     8.5;     8.9;     9.1;     9.1;     9.4;     9.2;     9.0;     9.7;     8.4;     9.0;     8.5;     7.9;     8.6;
2004;autumn;     9.6;     9.6;     9.3;     8.7;     9.2;     9.6;    10.0;    10.0;    10.1;     9.8;     9.8;    10.1;     9.1;     9.7;     9.3;     8.8;     9.4;
2005;autumn;    10.3;    10.3;     9.5;     8.8;    10.1;    10.3;    10.9;    10.9;    11.1;    10.7;    10.7;    11.1;     9.6;    10.4;    10.0;     9.5;    10.1;
2006;autumn;    12.4;    12.4;    11.6;    10.9;    12.0;    12.3;    12.8;    12.8;    13.0;    12.3;    12.6;    12.5;    11.7;    12.6;    12.1;    11.5;    12.0;
2007;autumn;     8.5;     8.5;     7.6;     6.9;     8.1;     8.8;     9.2;     9.2;     9.2;     8.5;     9.2;     8.8;     7.7;     8.7;     8.1;     7.5;     8.2;
2008;autumn;     9.5;     9.5;     8.3;     7.9;     8.6;     9.6;     9.6;     9.6;     9.3;     8.8;     9.7;     8.9;     8.7;     9.3;     8.8;     8.2;     8.9;
2009;autumn;    10.2;    10.2;     9.9;     9.3;    10.0;    10.0;    10.7;    10.7;    10.8;    10.5;    10.3;    10.7;     9.8;    10.4;    10.0;     9.5;    10.1;
2010;autumn;     8.6;     8.6;     8.2;     7.6;     8.4;     8.7;     9.0;     9.0;     9.1;     8.8;     8.9;     9.0;     8.0;     8.7;     8.3;     7.8;     8.4;
2011;autumn;     9.8;     9.8;     9.5;     8.7;     9.6;     9.8;    10.2;    10.2;    10.8;    10.2;    10.1;    10.5;     9.6;     9.9;     9.6;     9.2;     9.7;
2012;autumn;     9.6;     9.6;     9.1;     8.5;     8.8;     9.4;     9.6;     9.6;     9.7;     9.3;     9.5;     9.7;     9.1;     9.6;     9.1;     8.6;     9.2;
2013;autumn;     9.8;     9.8;     9.3;     8.6;     9.3;     9.8;    10.2;    10.2;    10.2;     9.8;    10.1;    10.1;     9.2;     9.8;     9.4;     8.8;     9.5;
2014;autumn;    11.5;    11.5;    10.8;    10.1;    10.9;    11.4;    11.8;    11.8;    11.8;    11.2;    11.8;    11.6;    10.9;    11.5;    11.1;    10.5;    11.1;
2015;autumn;     9.8;     9.8;     9.3;     8.9;     9.4;     9.8;    10.2;    10.2;    10.2;     9.7;    10.2;     9.8;     9.5;     9.8;     9.5;     9.0;     9.6;
2016;autumn;     9.9;     9.9;     9.4;     9.0;     9.7;     9.8;    10.2;    10.2;    10.4;    10.1;    10.1;    10.3;     9.5;    10.2;     9.8;     9.3;     9.7;
1881;summer;    17.1;    17.1;    17.0;    16.4;    16.6;    16.1;    16.2;    16.2;    16.7;    16.9;    15.8;    17.2;    16.2;    16.9;    16.5;    15.9;    16.5;
1882;summer;    16.5;    16.4;    14.9;    14.5;    15.0;    16.2;    15.7;    15.7;    15.5;    15.2;    16.1;    15.3;    15.1;    16.0;    15.4;    14.6;    15.3;
1883;summer;    17.5;    17.5;    15.9;    15.5;    16.2;    16.7;    16.4;    16.4;    16.4;    16.2;    16.3;    16.4;    16.5;    17.1;    16.6;    15.8;    16.3;
1884;summer;    17.0;    17.0;    16.1;    15.3;    16.0;    16.3;    16.2;    16.2;    16.5;    16.5;    16.2;    16.8;    15.9;    16.6;    16.0;    15.3;    16.1;
1885;summer;    17.2;    17.2;    16.6;    16.1;    15.8;    16.1;    15.8;    15.8;    16.1;    16.3;    15.5;    16.7;    16.3;    16.6;    16.1;    15.4;    16.2;
1886;summer;    17.2;    17.1;    16.0;    15.5;    15.9;    16.1;    15.9;    15.9;    16.2;    16.2;    15.5;    16.4;    16.1;    16.6;    16.1;    15.3;    16.0;
1887;summer;    17.3;    17.3;    17.2;    16.4;    16.6;    16.4;    16.3;    16.3;    16.8;    17.2;    15.9;    17.4;    16.3;    17.0;    16.5;    16.0;    16.6;
1888;summer;    16.2;    16.2;    15.4;    14.9;    15.0;    15.1;    15.0;    15.0;    15.2;    15.2;    14.4;    15.3;    15.2;    15.9;    15.3;    14.6;    15.2;
1889;summer;    18.0;    18.0;    16.6;    16.1;    16.6;    17.2;    16.8;    16.8;    16.8;    16.7;    16.7;    16.9;    16.8;    17.6;    17.0;    16.1;    16.8;
1890;summer;    16.6;    16.6;    15.2;    14.9;    15.0;    15.5;    15.1;    15.1;    15.1;    15.1;    14.9;    15.3;    15.5;    16.1;    15.5;    14.8;    15.3;
1891;summer;    16.3;    16.3;    15.5;    15.0;    15.1;    15.3;    15.3;    15.3;    15.2;    15.2;    15.2;    15.3;    15.2;    15.8;    15.2;    14.5;    15.3;
1892;summer;    17.6;    17.6;    16.7;    16.3;    16.3;    15.8;    15.8;    15.8;    16.2;    16.6;    15.0;    16.7;    17.0;    17.2;    16.7;    16.1;    16.4;
1893;summer;    17.7;    17.6;    16.9;    16.2;    16.6;    16.6;    16.6;    16.6;    16.9;    17.0;    16.4;    17.3;    16.7;    17.4;    16.9;    16.2;    16.7;
1894;summer;    16.9;    16.9;    16.0;    15.5;    15.6;    16.0;    15.6;    15.6;    15.7;    15.8;    15.6;    15.9;    15.9;    16.5;    15.9;    15.1;    15.8;
1895;summer;    17.9;    17.9;    16.5;    16.1;    16.2;    16.5;    16.2;    16.2;    16.3;    16.2;    15.9;    16.4;    17.1;    17.3;    16.7;    16.0;    16.5;
1896;summer;    17.4;    17.4;    15.7;    15.0;    15.7;    16.8;    16.3;    16.3;    16.1;    15.9;    16.5;    16.1;    16.0;    16.7;    16.1;    15.2;    16.0;
1897;summer;    17.8;    17.8;    17.0;    16.1;    16.8;    17.0;    16.9;    16.9;    17.0;    17.1;    16.7;    17.3;    17.0;    17.5;    17.0;    16.2;    16.9;
1898;summer;    16.6;    16.6;    16.1;    15.3;    15.7;    15.5;    15.6;    15.6;    15.8;    15.9;    15.2;    16.1;    16.0;    16.3;    15.8;    15.1;    15.7;
1899;summer;    16.9;    16.9;    16.6;    15.5;    16.3;    16.2;    16.5;    16.5;    16.7;    16.6;    16.3;    16.9;    15.9;    16.8;    16.2;    15.4;    16.3;
1900;summer;    18.0;    18.0;    16.9;    16.2;    16.7;    17.0;    16.9;    16.9;    16.7;    16.9;    16.6;    17.2;    17.2;    17.6;    17.0;    16.2;    16.8;
1901;summer;    18.1;    18.1;    16.6;    16.3;    16.5;    17.0;    16.9;    16.9;    16.8;    16.9;    16.7;    17.0;    17.1;    17.7;    16.9;    15.9;    16.8;
1902;summer;    15.9;    15.8;    15.8;    15.2;    15.2;    14.6;    15.2;    15.2;    15.2;    15.5;    14.5;    15.7;    15.4;    15.7;    15.2;    14.5;    15.3;
1903;summer;    16.7;    16.7;    15.4;    15.3;    15.3;    15.4;    15.3;    15.3;    15.2;    15.4;    15.0;    15.4;    15.9;    16.3;    15.7;    15.0;    15.5;
1904;summer;    17.6;    17.6;    17.4;    16.9;    16.8;    16.0;    16.3;    16.3;    16.7;    17.1;    15.6;    17.2;    16.9;    17.4;    16.9;    16.3;    16.8;
1905;summer;    18.2;    18.2;    17.5;    17.2;    17.4;    17.0;    17.2;    17.2;    17.3;    17.5;    16.8;    17.3;    17.4;    17.9;    17.4;    16.8;    17.4;
1906;summer;    17.3;    17.3;    16.1;    15.6;    15.9;    16.4;    16.1;    16.1;    16.1;    16.0;    16.0;    16.1;    16.1;    16.9;    16.2;    15.4;    16.1;
1907;summer;    15.8;    15.8;    15.4;    15.1;    14.7;    14.6;    14.5;    14.5;    14.5;    14.8;    14.1;    14.9;    15.2;    15.3;    14.9;    14.3;    14.9;
1908;summer;    17.4;    17.4;    16.2;    15.8;    16.1;    16.3;    16.2;    16.2;    16.2;    16.1;    15.9;    16.3;    16.4;    16.9;    16.3;    15.6;    16.2;
1909;summer;    16.4;    16.4;    14.9;    14.7;    14.9;    15.3;    15.0;    15.0;    14.8;    15.0;    14.6;    15.2;    15.7;    15.9;    15.4;    14.6;    15.1;
1910;summer;    17.3;    17.2;    15.5;    15.2;    15.7;    16.5;    16.3;    16.3;    15.9;    15.6;    16.3;    15.7;    16.1;    16.7;    16.0;    15.2;    16.0;
1911;summer;    18.8;    18.7;    17.9;    17.4;    18.0;    17.4;    17.7;    17.7;    18.0;    18.1;    16.8;    18.2;    18.1;    18.6;    18.0;    17.3;    17.8;
1912;summer;    17.2;    17.2;    15.2;    15.1;    15.5;    16.5;    16.0;    16.1;    15.9;    15.6;    16.1;    15.5;    16.2;    16.6;    16.0;    15.2;    15.8;
1913;summer;    16.3;    16.2;    14.4;    13.9;    14.3;    15.6;    14.9;    14.9;    14.6;    14.5;    15.1;    14.7;    14.9;    15.6;    14.9;    13.9;    14.7;
1914;summer;    18.0;    18.0;    15.6;    15.5;    16.1;    17.6;    16.8;    16.8;    16.4;    16.0;    17.0;    16.1;    16.7;    17.4;    16.6;    15.7;    16.4;
1915;summer;    17.4;    17.4;    16.3;    16.1;    16.3;    16.4;    16.0;    16.0;    16.1;    16.4;    15.5;    16.5;    16.7;    17.0;    16.4;    15.7;    16.3;
1916;summer;    16.0;    16.0;    14.8;    14.7;    14.6;    15.2;    14.7;    14.8;    14.6;    14.9;    14.7;    15.0;    15.1;    15.5;    14.9;    14.2;    14.9;
1917;summer;    19.1;    19.0;    16.9;    17.1;    17.2;    18.2;    17.8;    17.8;    17.5;    17.1;    17.6;    16.9;    18.1;    18.6;    17.9;    17.0;    17.6;
1918;summer;    16.1;    16.1;    15.1;    14.7;    14.9;    15.5;    15.0;    15.1;    15.0;    15.5;    15.1;    15.6;    15.3;    15.6;    15.1;    14.4;    15.1;
1919;summer;    16.1;    16.1;    15.3;    15.0;    14.9;    15.4;    14.9;    14.9;    15.0;    15.3;    14.6;    15.2;    15.2;    15.8;    15.2;    14.5;    15.1;
1920;summer;    16.8;    16.8;    15.4;    15.4;    15.6;    16.2;    15.8;    15.8;    15.6;    15.7;    15.5;    15.6;    15.9;    16.5;    15.9;    15.2;    15.8;
1921;summer;    17.5;    17.5;    17.1;    16.7;    16.9;    16.6;    16.3;    16.3;    16.7;    17.6;    15.9;    17.7;    16.7;    17.3;    16.7;    16.0;    16.8;
1922;summer;    16.3;    16.3;    15.7;    15.5;    15.4;    15.6;    15.3;    15.3;    15.4;    15.7;    14.9;    15.7;    15.8;    16.1;    15.6;    14.9;    15.6;
1923;summer;    15.6;    15.6;    15.6;    15.2;    15.1;    14.9;    14.9;    14.9;    15.1;    15.6;    14.5;    15.6;    15.2;    15.4;    15.0;    14.5;    15.2;
1924;summer;    16.7;    16.7;    15.1;    15.0;    15.1;    15.7;    15.5;    15.5;    15.2;    15.3;    15.3;    15.4;    15.8;    16.4;    15.8;    15.0;    15.5;
1925;summer;    17.4;    17.4;    16.1;    15.7;    16.3;    17.0;    16.7;    16.7;    16.6;    16.5;    16.5;    16.4;    16.3;    17.3;    16.6;    15.8;    16.4;
1926;summer;    17.0;    17.0;    15.3;    14.8;    15.5;    16.5;    16.1;    16.1;    15.8;    15.7;    16.1;    15.6;    15.7;    16.5;    15.9;    15.1;    15.7;
1927;summer;    16.9;    16.9;    15.8;    15.8;    15.6;    16.2;    15.8;    15.8;    15.8;    15.8;    15.6;    15.8;    16.1;    16.6;    16.0;    15.3;    15.9;
1928;summer;    16.6;    16.5;    17.1;    16.7;    16.1;    15.3;    15.5;    15.5;    16.0;    16.6;    14.8;    16.7;    16.3;    16.6;    16.2;    15.7;    16.2;
1929;summer;    17.2;    17.2;    16.7;    16.4;    16.4;    15.9;    15.9;    15.9;    16.1;    16.7;    15.2;    16.8;    16.6;    17.1;    16.7;    16.1;    16.4;
1930;summer;    17.7;    17.7;    16.6;    16.5;    16.7;    16.8;    16.9;    16.9;    16.9;    16.8;    16.5;    16.9;    16.9;    17.6;    17.1;    16.4;    16.8;
1931;summer;    17.1;    17.1;    16.0;    15.9;    16.0;    15.9;    15.9;    15.9;    16.1;    16.2;    15.3;    16.2;    16.6;    16.9;    16.4;    15.7;    16.1;
1932;summer;    18.2;    18.2;    16.6;    16.5;    17.0;    17.4;    17.3;    17.3;    17.4;    17.1;    17.0;    17.1;    17.0;    17.9;    17.3;    16.6;    17.1;
1933;summer;    17.4;    17.3;    16.1;    15.6;    16.4;    16.7;    16.7;    16.7;    16.7;    16.8;    16.7;    17.0;    16.2;    17.2;    16.6;    15.8;    16.4;
1934;summer;    18.4;    18.4;    16.6;    16.5;    17.0;    17.2;    16.8;    16.8;    16.8;    17.1;    16.6;    17.1;    17.3;    18.0;    17.5;    16.7;    17.0;
1935;summer;    18.2;    18.2;    17.2;    17.0;    17.2;    17.1;    16.9;    16.9;    17.2;    17.5;    16.4;    17.6;    17.4;    17.9;    17.4;    16.8;    17.2;
1936;summer;    17.8;    17.8;    15.6;    15.6;    16.1;    17.0;    16.7;    16.7;    16.5;    16.1;    16.5;    16.1;    16.5;    17.3;    16.7;    15.8;    16.4;
1937;summer;    18.0;    18.0;    16.7;    16.4;    16.7;    17.2;    16.7;    16.7;    16.7;    17.1;    16.7;    17.2;    16.8;    17.4;    16.9;    16.2;    16.8;
1938;summer;    18.1;    18.1;    16.3;    16.2;    16.6;    17.2;    16.8;    16.8;    16.7;    16.7;    16.5;    16.8;    17.1;    17.7;    17.1;    16.2;    16.8;
1939;summer;    18.4;    18.4;    16.2;    16.2;    16.6;    17.6;    17.2;    17.3;    17.0;    16.6;    17.2;    16.6;    17.1;    18.0;    17.2;    16.3;    16.9;
1940;summer;    17.2;    17.2;    15.3;    15.1;    15.5;    16.3;    15.9;    15.9;    15.8;    15.7;    15.9;    15.9;    15.8;    16.6;    16.0;    15.2;    15.8;
1941;summer;    17.7;    17.6;    16.2;    15.9;    16.5;    16.9;    16.9;    16.9;    16.9;    16.5;    16.6;    16.6;    16.5;    17.3;    16.7;    16.0;    16.6;
1942;summer;    17.1;    17.0;    16.0;    15.7;    15.8;    16.2;    15.9;    15.9;    16.1;    16.0;    15.6;    16.2;    16.1;    16.6;    16.1;    15.5;    16.0;
1943;summer;    17.9;    17.9;    16.5;    16.2;    16.4;    16.8;    16.5;    16.5;    16.5;    16.5;    16.2;    16.7;    17.1;    17.6;    17.0;    16.4;    16.7;
1944;summer;    18.6;    18.6;    16.7;    16.4;    16.8;    17.6;    17.1;    17.1;    16.9;    16.9;    16.8;    17.0;    17.4;    18.2;    17.5;    16.6;    17.1;
1945;summer;    17.8;    17.8;    16.9;    16.6;    16.9;    17.2;    16.7;    16.7;    16.9;    17.1;    16.5;    17.2;    17.2;    17.0;    16.7;    16.4;    16.9;
1946;summer;    17.7;    17.7;    16.1;    16.1;    16.1;    17.7;    16.3;    16.3;    16.1;    16.0;    16.0;    16.1;    16.8;    17.1;    16.6;    15.9;    16.4;
1947;summer;    18.9;    18.9;    18.6;    18.2;    18.9;    17.8;    18.3;    18.3;    18.9;    19.3;    17.8;    19.4;    18.5;    19.0;    18.6;    18.1;    18.5;
1948;summer;    17.5;    17.5;    15.4;    15.2;    15.8;    16.5;    16.3;    16.3;    16.2;    15.9;    16.1;    16.0;    16.5;    17.1;    16.4;    15.6;    16.1;
1949;summer;    16.9;    16.8;    16.7;    16.0;    16.2;    15.9;    15.8;    15.8;    16.2;    16.9;    15.6;    17.4;    16.1;    16.7;    16.3;    15.7;    16.2;
1950;summer;    18.4;    18.4;    17.9;    17.7;    17.5;    17.3;    17.3;    17.3;    17.6;    17.8;    16.9;    18.1;    18.0;    18.2;    17.8;    17.2;    17.7;
1951;summer;    17.9;    17.9;    16.2;    16.2;    16.3;    16.8;    16.3;    16.3;    16.3;    16.2;    16.0;    16.4;    17.3;    17.2;    16.8;    16.2;    16.5;
1952;summer;    17.4;    17.4;    17.9;    17.6;    17.3;    16.0;    16.3;    16.3;    16.8;    17.6;    15.5;    18.0;    17.5;    17.4;    17.2;    16.9;    17.1;
1953;summer;    18.0;    18.0;    16.0;    16.0;    16.3;    17.2;    16.7;    16.7;    16.4;    16.3;    16.6;    16.5;    17.3;    17.5;    17.0;    16.3;    16.6;
1954;summer;    16.7;    16.7;    15.0;    14.9;    15.2;    15.7;    15.3;    15.3;    15.1;    15.2;    15.1;    15.4;    16.0;    16.2;    15.7;    15.1;    15.4;
1955;summer;    17.3;    17.3;    15.8;    15.5;    16.1;    16.6;    16.5;    16.5;    16.5;    16.4;    16.5;    16.7;    16.2;    16.8;    16.3;    15.6;    16.2;
1956;summer;    15.9;    15.8;    14.5;    14.4;    14.5;    15.1;    14.7;    14.7;    14.5;    14.5;    14.6;    14.6;    15.0;    15.4;    14.9;    14.3;    14.7;
1957;summer;    17.5;    17.5;    16.1;    16.1;    16.4;    16.5;    16.4;    16.4;    16.6;    16.5;    16.1;    16.8;    16.9;    17.2;    16.8;    16.2;    16.5;
1958;summer;    16.8;    16.8;    16.2;    15.9;    16.0;    15.9;    16.1;    16.1;    16.2;    16.2;    15.5;    16.5;    16.5;    16.7;    16.3;    15.7;    16.1;
1959;summer;    18.7;    18.7;    17.1;    16.7;    17.7;    17.8;    17.8;    17.8;    17.9;    17.9;    17.3;    18.3;    17.7;    18.5;    17.9;    17.2;    17.6;
1960;summer;    16.9;    16.9;    15.6;    15.5;    15.5;    16.0;    15.7;    15.7;    15.6;    15.6;    15.5;    15.9;    16.3;    16.6;    16.1;    15.4;    15.8;
1961;summer;    16.7;    16.7;    15.5;    15.2;    15.3;    15.8;    15.6;    15.6;    15.5;    15.5;    15.5;    15.8;    16.0;    16.3;    15.8;    15.1;    15.6;
1962;summer;    15.5;    15.5;    15.7;    15.2;    15.0;    14.5;    14.3;    14.3;    14.7;    15.5;    14.1;    16.1;    15.3;    15.2;    14.9;    14.5;    15.0;
1963;summer;    18.1;    18.1;    16.1;    16.1;    16.2;    16.8;    16.3;    16.3;    16.1;    16.2;    16.0;    16.4;    17.3;    17.5;    16.9;    16.1;    16.5;
1964;summer;    18.0;    17.9;    17.2;    16.8;    17.1;    16.5;    16.4;    16.4;    16.8;    17.2;    15.6;    17.7;    17.7;    17.7;    17.3;    16.8;    16.9;
1965;summer;    16.1;    16.1;    15.2;    15.0;    15.0;    14.9;    14.8;    14.8;    15.0;    15.1;    14.4;    15.3;    15.6;    15.7;    15.3;    14.7;    15.1;
1966;summer;    17.4;    17.4;    15.4;    15.2;    15.7;    16.6;    16.2;    16.2;    16.0;    15.7;    15.8;    15.8;    16.5;    17.0;    16.3;    15.5;    16.0;
1967;summer;    17.5;    17.5;    16.4;    16.3;    16.6;    16.6;    16.4;    16.4;    16.6;    16.6;    16.0;    16.8;    16.9;    17.1;    16.7;    16.2;    16.6;
1968;summer;    17.7;    17.6;    15.5;    15.4;    15.9;    16.6;    16.5;    16.5;    16.2;    15.7;    16.3;    15.9;    16.6;    17.2;    16.6;    15.8;    16.2;
1969;summer;    17.8;    17.8;    15.9;    15.6;    16.6;    17.0;    17.0;    17.0;    16.9;    16.4;    16.8;    16.6;    16.9;    17.5;    16.9;    16.2;    16.6;
1970;summer;    17.8;    17.8;    16.6;    16.3;    16.5;    16.7;    16.7;    16.7;    16.7;    16.6;    16.3;    16.9;    16.9;    17.3;    16.8;    16.1;    16.7;
1971;summer;    17.8;    17.8;    16.5;    16.2;    16.4;    16.6;    16.4;    16.4;    16.4;    16.5;    16.0;    16.7;    17.0;    17.4;    16.8;    16.2;    16.6;
1972;summer;    17.3;    17.3;    15.5;    15.5;    15.7;    16.4;    15.9;    15.9;    15.7;    15.7;    15.9;    15.9;    16.6;    16.7;    16.1;    15.4;    16.0;
1973;summer;    17.8;    17.8;    16.9;    16.4;    17.3;    17.1;    17.0;    17.0;    17.4;    17.5;    16.7;    17.7;    17.0;    17.6;    17.1;    16.4;    17.0;
1974;summer;    16.3;    16.3;    15.7;    15.2;    15.3;    15.4;    15.4;    15.4;    15.5;    15.7;    15.0;    15.9;    15.6;    16.0;    15.5;    14.8;    15.5;
1975;summer;    18.6;    18.6;    16.5;    16.1;    17.4;    17.5;    17.7;    17.7;    17.7;    17.5;    17.3;    17.9;    17.4;    18.3;    17.6;    16.8;    17.3;
1976;summer;    18.2;    18.2;    17.5;    16.9;    18.1;    17.2;    17.6;    17.6;    18.2;    18.7;    17.2;    19.2;    17.5;    18.2;    17.7;    17.2;    17.6;
1977;summer;    16.9;    16.9;    15.8;    15.7;    15.8;    16.0;    15.9;    15.9;    15.8;    15.9;    15.7;    16.2;    16.1;    16.5;    16.0;    15.4;    16.0;
1978;summer;    16.4;    16.4;    14.9;    14.5;    14.8;    15.6;    15.2;    15.2;    15.1;    14.9;    15.2;    15.1;    15.3;    15.9;    15.3;    14.5;    15.1;
1979;summer;    16.9;    16.9;    15.9;    15.6;    15.6;    15.6;    15.5;    15.5;    15.7;    15.8;    14.8;    16.2;    16.3;    16.4;    15.9;    15.3;    15.8;
1980;summer;    16.3;    16.3;    15.2;    15.0;    15.2;    15.7;    15.6;    15.6;    15.7;    15.3;    15.4;    15.4;    15.5;    16.1;    15.6;    14.9;    15.5;
1981;summer;    16.9;    16.9;    16.0;    15.7;    15.8;    16.0;    16.0;    16.0;    16.0;    16.0;    15.5;    16.3;    16.2;    16.6;    16.1;    15.5;    16.0;
1982;summer;    18.6;    18.6;    17.2;    17.0;    17.5;    17.3;    17.4;    17.4;    17.5;    17.5;    16.9;    17.8;    17.9;    18.4;    17.9;    17.3;    17.5;
1983;summer;    18.9;    18.9;    18.6;    18.0;    18.4;    17.7;    18.1;    18.1;    18.5;    18.8;    17.3;    19.5;    18.2;    18.7;    18.3;    17.7;    18.3;
1984;summer;    16.2;    16.2;    15.7;    15.1;    15.5;    15.6;    15.5;    15.5;    15.8;    15.9;    15.2;    16.5;    15.4;    16.0;    15.5;    14.9;    15.5;
1985;summer;    16.6;    16.6;    16.1;    15.5;    15.2;    15.7;    15.5;    15.5;    15.5;    15.7;    15.3;    16.3;    15.9;    16.2;    15.7;    15.0;    15.7;
1986;summer;    17.3;    17.2;    16.4;    16.0;    16.4;    16.2;    16.3;    16.3;    16.6;    16.7;    15.6;    17.0;    16.6;    17.0;    16.5;    15.8;    16.4;
1987;summer;    16.0;    16.0;    15.7;    15.4;    15.4;    15.0;    15.3;    15.3;    15.6;    15.7;    14.5;    16.1;    15.6;    15.8;    15.4;    14.9;    15.4;
1988;summer;    17.3;    17.3;    16.3;    16.1;    16.2;    16.4;    16.1;    16.1;    16.1;    16.3;    15.8;    16.5;    16.7;    17.1;    16.6;    16.0;    16.3;
1989;summer;    17.6;    17.6;    16.5;    16.0;    16.6;    16.7;    16.8;    16.8;    17.0;    16.9;    16.2;    17.3;    16.8;    17.4;    16.9;    16.2;    16.7;
1990;summer;    17.5;    17.5;    16.7;    16.3;    16.7;    16.7;    16.6;    16.6;    16.9;    17.0;    16.0;    17.3;    17.0;    17.4;    16.9;    16.2;    16.7;
1991;summer;    17.8;    17.7;    17.3;    16.7;    16.9;    16.4;    16.5;    16.5;    16.7;    17.3;    15.9;    17.7;    17.0;    17.4;    16.9;    16.3;    16.9;
1992;summer;    20.0;    20.0;    18.0;    17.9;    17.9;    18.4;    18.4;    18.4;    18.0;    18.0;    17.8;    18.2;    19.1;    19.4;    18.7;    17.8;    18.3;
1993;summer;    16.2;    16.2;    16.4;    15.9;    16.2;    15.1;    15.3;    15.3;    15.9;    16.6;    14.8;    17.0;    15.9;    16.1;    15.8;    15.5;    15.8;
1994;summer;    19.1;    19.1;    18.4;    18.4;    18.4;    17.8;    18.1;    18.1;    18.4;    18.6;    17.4;    19.1;    18.4;    18.9;    18.5;    18.0;    18.4;
1995;summer;    18.6;    18.6;    17.1;    16.8;    17.6;    17.6;    17.8;    17.8;    18.1;    17.9;    17.3;    18.3;    17.5;    18.3;    17.7;    17.0;    17.6;
1996;summer;    17.0;    16.9;    16.3;    15.9;    15.9;    16.2;    16.3;    16.3;    16.3;    16.5;    15.9;    17.1;    16.0;    16.7;    16.2;    15.5;    16.2;
1997;summer;    19.0;    19.0;    16.9;    16.6;    17.3;    18.2;    18.1;    18.1;    17.8;    17.5;    18.1;    17.9;    17.4;    18.5;    17.8;    16.9;    17.6;
1998;summer;    17.2;    17.2;    17.0;    16.8;    16.4;    15.9;    16.1;    16.1;    16.2;    16.7;    15.5;    17.0;    16.7;    17.1;    16.7;    16.2;    16.5;
1999;summer;    18.2;    18.2;    16.9;    16.6;    17.0;    17.3;    17.3;    17.3;    17.4;    17.3;    16.7;    17.5;    16.9;    17.9;    17.2;    16.4;    17.1;
2000;summer;    17.5;    17.4;    16.9;    16.7;    16.4;    16.1;    16.2;    16.2;    16.5;    16.7;    15.5;    17.0;    17.1;    17.3;    16.8;    16.3;    16.6;
2001;summer;    17.9;    17.9;    17.2;    16.7;    17.2;    17.0;    17.2;    17.2;    17.5;    17.5;    16.6;    17.6;    17.1;    17.7;    17.3;    16.7;    17.2;
2002;summer;    19.0;    19.0;    17.7;    17.6;    17.7;    18.3;    18.0;    18.0;    17.8;    17.8;    17.9;    18.1;    18.2;    18.5;    18.1;    17.5;    18.0;
2003;summer;    19.8;    19.8;    20.6;    20.0;    19.8;    18.7;    19.2;    19.2;    19.5;    20.3;    18.3;    21.1;    19.5;    19.9;    19.6;    19.3;    19.7;
2004;summer;    17.5;    17.5;    16.9;    16.7;    16.8;    16.5;    16.8;    16.8;    16.9;    17.1;    16.1;    17.5;    16.9;    17.2;    16.8;    16.3;    16.8;
2005;summer;    17.2;    17.2;    16.9;    16.5;    16.8;    16.6;    16.5;    16.5;    16.7;    17.2;    16.3;    17.6;    16.6;    17.1;    16.7;    16.2;    16.7;
2006;summer;    19.3;    19.3;    17.7;    17.4;    17.8;    18.6;    18.3;    18.3;    18.2;    18.3;    18.0;    18.7;    18.2;    18.9;    18.2;    17.4;    18.1;
2007;summer;    18.2;    18.2;    16.8;    16.9;    16.8;    17.3;    17.2;    17.2;    17.0;    17.0;    16.8;    17.0;    17.6;    17.9;    17.4;    16.8;    17.2;
2008;summer;    18.5;    18.4;    17.2;    17.2;    17.4;    17.4;    17.5;    17.5;    17.2;    17.4;    16.8;    17.5;    17.7;    18.2;    17.8;    17.2;    17.4;
2009;summer;    17.9;    17.9;    17.3;    16.9;    17.0;    17.1;    17.1;    17.1;    17.1;    17.4;    16.6;    17.7;    17.1;    17.7;    17.2;    16.6;    17.2;
2010;summer;    19.0;    19.0;    17.4;    17.2;    17.7;    18.1;    17.9;    17.9;    17.9;    17.9;    17.2;    18.1;    17.9;    18.5;    18.0;    17.4;    17.8;
2011;summer;    17.9;    17.9;    16.7;    16.5;    16.5;    16.9;    16.7;    16.7;    16.5;    16.6;    16.3;    16.8;    17.1;    17.6;    17.1;    16.5;    16.8;
2012;summer;    17.6;    17.6;    17.6;    17.4;    16.9;    16.7;    16.7;    16.7;    16.8;    17.2;    15.9;    17.4;    17.4;    17.4;    17.1;    16.7;    17.1;
2013;summer;    18.6;    18.6;    17.7;    17.5;    17.7;    17.7;    17.5;    17.5;    17.6;    17.9;    16.9;    18.2;    17.7;    18.4;    17.9;    17.3;    17.7;
2014;summer;    18.1;    18.1;    16.9;    16.7;    16.8;    17.4;    17.2;    17.2;    16.9;    17.1;    17.2;    17.5;    17.3;    17.7;    17.2;    16.6;    17.1;
2015;summer;    19.0;    19.0;    19.1;    19.0;    18.5;    17.3;    17.5;    17.5;    17.9;    18.8;    16.4;    19.4;    18.8;    18.7;    18.5;    18.2;    18.4;
2016;summer;    18.7;    18.7;    17.7;    17.4;    17.6;    17.8;    17.7;    17.7;    17.7;    17.8;    17.1;    18.0;    18.0;    18.7;    18.2;    17.6;    17.8;
2017;summer;    18.3;    18.3;    18.5;    18.2;    17.9;    17.0;    17.3;    17.2;    17.9;    18.4;    16.4;    18.7;    18.2;    18.2;    17.9;    17.6;    17.9;
1882;winter;     1.6;     1.6;     0.1;    -0.8;     0.7;     1.7;     2.2;     2.2;     2.1;     0.8;     2.4;     1.1;     0.9;     1.6;     1.1;     0.5;     1.0;
1883;winter;     0.6;     0.6;     1.2;    -0.3;     1.3;     0.2;     1.5;     1.5;     2.5;     1.9;     0.8;     2.1;     0.1;     0.7;     0.6;     0.3;     0.9;
1884;winter;     2.5;     2.5;     1.6;     0.5;     2.2;     2.5;     3.2;     3.2;     3.4;     2.5;     3.0;     2.7;     1.6;     2.5;     2.1;     1.6;     2.1;
1885;winter;     0.9;     0.9;     0.2;    -1.1;     0.9;     1.0;     1.7;     1.7;     2.2;     1.4;     1.3;     1.6;     0.2;     0.7;     0.3;    -0.1;     0.6;
1886;winter;    -1.4;    -1.4;    -1.6;    -2.8;    -1.4;    -1.3;    -0.7;    -0.7;    -0.3;    -0.9;    -0.6;    -0.6;    -1.9;    -1.4;    -1.7;    -2.1;    -1.5;
1887;winter;    -0.9;    -0.9;    -1.8;    -3.0;    -1.3;    -0.7;    -0.1;    -0.1;     0.2;    -0.9;    -0.2;    -0.6;    -1.7;    -0.9;    -1.4;    -2.0;    -1.3;
1888;winter;    -1.4;    -1.4;    -2.2;    -3.3;    -1.9;    -1.3;    -0.8;    -0.8;    -0.7;    -1.4;    -0.6;    -1.3;    -2.2;    -1.3;    -1.8;    -2.5;    -1.8;
1889;winter;    -1.3;    -1.4;    -1.9;    -2.9;    -1.7;    -1.2;    -0.4;    -0.4;     0.0;    -1.4;    -0.3;    -1.1;    -1.9;    -1.3;    -1.7;    -2.2;    -1.5;
1890;winter;    -0.3;    -0.4;    -1.2;    -2.2;    -0.8;    -0.3;     0.5;     0.5;     0.6;    -0.5;     0.6;    -0.3;    -1.3;    -0.3;    -0.8;    -1.5;    -0.7;
1891;winter;    -3.1;    -3.1;    -4.1;    -5.1;    -3.4;    -2.9;    -2.6;    -2.6;    -2.4;    -3.1;    -2.1;    -2.8;    -3.6;    -3.2;    -3.6;    -4.1;    -3.5;
1892;winter;     0.3;     0.3;     0.0;    -1.0;     0.2;    -0.1;     0.8;     0.8;     1.5;     0.6;     0.4;     0.9;    -0.1;     0.6;     0.1;    -0.5;     0.2;
1893;winter;    -2.6;    -2.6;    -2.5;    -4.0;    -2.3;    -2.7;    -1.2;    -1.2;    -0.7;    -1.8;    -2.0;    -1.5;    -2.8;    -2.1;    -2.6;    -3.1;    -2.4;
1894;winter;     0.6;     0.5;    -0.6;    -2.0;    -0.1;     0.6;     1.4;     1.4;     1.6;     0.2;     1.4;     0.3;    -0.3;     0.6;     0.0;    -0.7;     0.0;
1895;winter;    -2.7;    -2.7;    -4.7;    -5.5;    -3.6;    -2.5;    -2.0;    -2.0;    -2.0;    -3.4;    -1.8;    -3.2;    -3.6;    -2.8;    -3.4;    -4.2;    -3.4;
1896;winter;    -0.3;    -0.3;    -0.6;    -2.0;    -0.4;     0.0;     0.8;     0.8;     1.0;     0.1;     0.9;     0.3;    -1.1;     0.0;    -0.6;    -1.3;    -0.4;
1897;winter;    -1.4;    -1.4;     0.3;    -1.4;    -0.5;    -1.5;    -0.5;    -0.5;     0.5;     0.2;    -1.0;     0.6;    -1.2;    -1.0;    -1.3;    -1.6;    -0.7;
1898;winter;     2.0;     2.0;     0.9;    -0.4;     1.4;     2.2;     3.0;     3.0;     2.8;     1.4;     3.0;     1.7;     1.4;     2.3;     1.8;     1.1;     1.5;
1899;winter;     2.8;     2.8;     2.1;     0.5;     2.4;     2.8;     3.5;     3.5;     3.7;     2.7;     3.5;     3.0;     2.1;     3.0;     2.5;     1.8;     2.4;
1900;winter;    -0.9;    -0.9;     0.2;    -1.7;     0.0;    -1.1;     0.1;     0.1;     0.8;     0.6;    -0.3;     0.9;    -0.9;    -0.5;    -0.8;    -1.1;    -0.5;
1901;winter;    -1.7;    -1.7;    -1.7;    -3.3;    -1.9;    -1.4;    -0.6;    -0.6;    -0.1;    -1.0;    -0.4;    -0.6;    -2.3;    -1.6;    -2.2;    -2.9;    -1.7;
1902;winter;     0.9;     0.9;     0.8;     0.2;     1.0;     0.3;     1.2;     1.2;     1.6;     1.4;     0.8;     1.5;     0.8;     0.9;     0.6;     0.2;     0.8;
1903;winter;     0.6;     0.6;     0.5;    -0.7;     0.7;     0.6;     1.8;     1.8;     2.2;     1.3;     1.5;     1.6;     0.2;     0.9;     0.5;     0.0;     0.7;
1904;winter;    -0.2;    -0.2;    -0.6;    -1.5;    -0.4;    -0.2;     0.6;     0.6;     0.7;     0.0;     0.6;     0.3;    -0.6;    -0.1;    -0.5;    -1.1;    -0.3;
1905;winter;     1.2;     1.2;    -0.2;    -1.1;     0.6;     1.2;     1.8;     1.8;     2.0;     0.8;     1.8;     0.9;     0.3;     1.3;     0.7;     0.0;     0.6;
1906;winter;     1.3;     1.3;     0.2;    -0.7;     0.8;     1.0;     1.9;     1.9;     1.9;     1.0;     1.5;     1.2;     0.7;     1.5;     1.0;     0.3;     0.8;
1907;winter;    -1.4;    -1.4;    -1.9;    -2.5;    -1.2;    -1.4;    -0.5;    -0.5;    -0.2;    -0.8;    -0.5;    -0.7;    -1.8;    -1.0;    -1.4;    -1.9;    -1.3;
1908;winter;     0.6;     0.6;    -0.4;    -1.4;    -0.1;     0.9;     1.4;     1.4;     1.3;     0.2;     1.5;     0.5;    -0.2;     0.7;     0.1;    -0.6;     0.2;
1909;winter;    -1.8;    -1.9;    -1.9;    -2.9;    -1.4;    -1.6;    -0.4;    -0.4;     0.0;    -0.9;    -0.3;    -0.5;    -2.4;    -1.4;    -1.8;    -2.3;    -1.5;
1910;winter;     2.3;     2.3;     1.5;     0.5;     2.0;     2.1;     2.9;     2.9;     3.0;     2.2;     2.4;     2.4;     1.7;     2.5;     2.1;     1.5;     1.9;
1911;winter;     1.4;     1.4;     0.0;    -0.9;     0.8;     1.6;     2.3;     2.3;     2.4;     1.1;     2.4;     1.5;     0.6;     1.6;     1.0;     0.2;     0.9;
1912;winter;     0.0;     0.0;     2.1;     0.6;     1.9;    -0.4;     1.6;     1.6;     3.2;     2.6;     0.5;     3.3;     0.5;     0.9;     0.9;     0.9;     1.3;
1913;winter;     1.6;     1.6;     1.0;    -0.4;     1.3;     1.6;     2.6;     2.6;     3.0;     1.8;     2.3;     2.2;     1.0;     1.9;     1.4;     0.8;     1.4;
1914;winter;     1.3;     1.3;    -0.4;    -1.4;     0.3;     2.0;     2.3;     2.3;     2.0;     0.5;     2.7;     0.7;     0.2;     1.4;     0.7;    -0.1;     0.7;
1915;winter;     1.6;     1.6;     1.2;     0.2;     1.9;     1.4;     2.4;     2.4;     3.0;     2.5;     2.0;     2.7;     1.2;     1.8;     1.4;     1.0;     1.6;
1916;winter;     2.2;     2.2;     3.2;     2.1;     3.0;     1.6;     3.1;     3.1;     3.9;     3.7;     2.3;     4.1;     2.2;     2.7;     2.5;     2.2;     2.7;
1917;winter;    -1.6;    -1.6;    -1.7;    -2.3;    -1.2;    -1.4;    -0.8;    -0.8;    -0.7;    -1.1;    -0.5;    -0.8;    -2.2;    -1.8;    -2.0;    -2.4;    -1.5;
1918;winter;     0.3;     0.3;    -0.7;    -1.4;     0.2;     0.2;     1.2;     1.2;     1.6;     0.5;     0.8;     0.7;    -0.1;     0.6;     0.2;    -0.3;     0.1;
1919;winter;     1.3;     1.3;     1.2;     0.4;     1.5;     1.0;     2.0;     2.0;     2.5;     2.0;     1.7;     2.2;     1.0;     1.7;     1.3;     0.8;     1.4;
1920;winter;     1.6;     1.6;     2.0;     1.1;     2.1;     1.4;     2.8;     2.8;     3.5;     2.7;     2.0;     3.0;     1.3;     2.2;     1.9;     1.4;     2.0;
1921;winter;     1.9;     1.9;     1.7;     1.1;     2.1;     1.8;     2.8;     2.8;     3.1;     2.6;     2.5;     2.9;     1.6;     2.2;     1.8;     1.4;     2.0;
1922;winter;    -1.8;    -1.8;    -0.8;    -2.1;    -1.1;    -1.7;    -0.3;    -0.3;     0.6;     0.0;    -0.8;     0.2;    -2.1;    -1.4;    -1.8;    -2.3;    -1.1;
1923;winter;     1.4;     1.4;     1.4;     0.2;     1.8;     1.3;     2.5;     2.5;     3.1;     2.5;     2.2;     2.7;     0.9;     1.8;     1.4;     1.0;     1.6;
1924;winter;    -2.9;    -3.0;    -2.1;    -3.4;    -2.3;    -2.8;    -1.7;    -1.7;    -0.9;    -1.2;    -1.8;    -0.9;    -3.2;    -2.6;    -2.9;    -3.2;    -2.4;
1925;winter;     2.9;     2.9;     1.8;     0.7;     2.4;     3.0;     3.8;     3.8;     3.8;     2.7;     3.5;     2.8;     2.5;     3.3;     2.8;     2.2;     2.5;
1926;winter;     0.9;     0.8;     1.7;     0.4;     1.7;     0.6;     1.6;     1.6;     2.9;     2.5;     0.9;     2.7;     0.9;     1.3;     1.1;     0.8;     1.3;
1927;winter;     1.4;     1.4;     0.2;    -0.5;     1.1;     1.7;     2.4;     2.4;     2.3;     1.4;     2.4;     1.5;     0.4;     1.6;     1.1;     0.4;     1.1;
1928;winter;     0.0;     0.0;     0.9;    -0.2;     0.8;     0.0;     1.0;     1.0;     1.8;     1.4;     0.5;     1.7;    -0.3;     0.4;     0.1;    -0.3;     0.5;
1929;winter;    -5.6;    -5.7;    -4.6;    -6.2;    -4.6;    -5.1;    -3.9;    -3.9;    -2.9;    -3.7;    -3.5;    -3.4;    -6.0;    -5.5;    -5.8;    -6.1;    -4.9;
1930;winter;     1.9;     1.9;     1.6;     0.3;     2.1;     1.9;     2.8;     2.8;     3.4;     2.7;     2.7;     2.9;     1.3;     2.2;     1.7;     1.2;     1.9;
1931;winter;    -0.2;    -0.2;    -0.5;    -1.4;    -0.1;     0.1;     0.8;     0.8;     1.1;     0.4;     0.8;     0.7;    -0.7;     0.2;    -0.3;    -0.8;    -0.1;
1932;winter;     0.4;     0.4;    -1.2;    -2.0;     0.0;     0.9;     1.7;     1.7;     1.4;     0.3;     2.0;     0.6;    -0.7;     0.7;     0.0;    -0.7;     0.0;
1933;winter;    -0.9;    -0.9;    -0.8;    -2.1;    -0.6;    -0.3;     0.7;     0.7;     1.1;    -0.1;     0.8;     0.3;    -1.4;    -0.4;    -0.8;    -1.3;    -0.6;
1934;winter;    -0.2;    -0.2;    -1.9;    -2.6;    -0.9;     0.2;     0.6;     0.6;     0.3;    -0.6;     1.4;    -0.4;    -1.2;    -0.3;    -0.9;    -1.6;    -0.8;
1935;winter;     1.9;     1.9;     1.3;     0.5;     2.2;     2.0;     3.1;     3.1;     3.6;     2.7;     2.9;     2.9;     1.5;     2.3;     1.9;     1.4;     2.0;
1936;winter;     1.2;     1.2;     0.9;    -0.1;     1.4;     1.1;     2.2;     2.2;     2.5;     1.9;     1.6;     2.1;     0.9;     1.6;     1.2;     0.7;     1.2;
1937;winter;     0.1;     0.1;     1.5;    -0.1;     1.3;     0.2;     1.7;     1.7;     2.8;     2.1;     1.1;     2.5;     0.2;     0.7;     0.6;     0.3;     1.0;
1938;winter;     0.7;     0.7;     0.1;    -0.6;     0.8;     0.9;     1.8;     1.8;     2.0;     1.1;     1.7;     1.4;     0.2;     1.0;     0.6;     0.1;     0.7;
1939;winter;     1.3;     1.3;     0.2;    -1.0;     0.6;     1.2;     1.8;     1.8;     2.1;     1.1;     1.7;     1.4;     0.6;     1.3;     0.8;     0.1;     0.8;
1940;winter;    -6.5;    -6.5;    -3.5;    -5.5;    -4.8;    -6.0;    -4.6;    -4.6;    -3.0;    -3.3;    -4.9;    -2.7;    -6.2;    -6.0;    -6.1;    -6.2;    -5.0;
1941;winter;    -3.2;    -3.2;    -2.8;    -3.9;    -2.5;    -3.1;    -2.1;    -2.1;    -1.1;    -1.8;    -2.4;    -1.5;    -3.5;    -2.9;    -3.1;    -3.5;    -2.8;
1942;winter;    -3.8;    -3.8;    -4.0;    -5.3;    -3.9;    -3.6;    -3.0;    -3.0;    -2.6;    -3.2;    -3.1;    -2.9;    -4.8;    -3.6;    -4.2;    -4.9;    -3.9;
1943;winter;     1.5;     1.5;     1.0;    -0.1;     1.4;     1.8;     2.8;     2.8;     3.1;     2.0;     2.5;     2.4;     1.1;     2.0;     1.6;     1.0;     1.5;
1944;winter;     1.3;     1.2;     0.0;    -0.7;     0.6;     1.5;     1.9;     2.0;     1.8;     0.8;     2.2;     1.0;     0.0;     1.2;     0.6;    -0.1;     0.7;
1945;winter;    -0.1;    -0.1;    -0.8;    -1.8;    -0.2;     0.2;     1.1;     1.1;     1.4;     0.2;     0.9;     0.5;    -0.6;     0.3;    -0.2;    -0.7;    -0.1;
1946;winter;     0.8;     0.8;     0.3;    -0.7;     0.6;     0.9;     1.6;     1.6;     1.8;     1.1;     1.4;     1.4;     0.1;     0.9;     0.5;    -0.1;     0.6;
1947;winter;    -5.6;    -5.6;    -3.5;    -4.8;    -4.4;    -5.3;    -4.3;    -4.3;    -3.0;    -3.5;    -4.0;    -3.0;    -5.9;    -5.6;    -5.7;    -5.8;    -4.5;
1948;winter;     1.3;     1.3;     1.6;     0.8;     2.0;     1.2;     2.4;     2.4;     3.0;     2.4;     1.9;     2.6;     1.0;     1.7;     1.4;     0.9;     1.7;
1949;winter;     1.6;     1.6;     0.2;    -0.8;     1.0;     1.9;     2.9;     2.9;     3.1;     1.4;     2.8;     1.9;     0.8;     2.1;     1.4;     0.4;     1.3;
1950;winter;     1.4;     1.4;     1.5;     0.5;     1.7;     1.4;     2.7;     2.7;     3.0;     2.1;     2.3;     2.4;     1.0;     1.9;     1.5;     0.9;     1.6;
1951;winter;     0.4;     0.4;     0.3;    -0.6;     0.7;     0.2;     1.1;     1.1;     1.6;     1.1;     0.8;     1.2;     0.2;     0.5;     0.3;    -0.1;     0.4;
1952;winter;     1.7;     1.7;    -0.3;    -1.0;     0.5;     2.0;     2.3;     2.3;     2.1;     0.8;     2.5;     0.8;     0.6;     1.7;     1.0;     0.1;     0.9;
1953;winter;    -0.1;    -0.1;    -1.2;    -2.0;    -0.4;     0.0;     0.6;     0.6;     0.7;    -0.1;     0.5;     0.0;    -0.9;     0.1;    -0.4;    -1.1;    -0.5;
1954;winter;    -2.5;    -2.5;    -1.3;    -2.7;    -1.0;    -2.0;    -0.3;    -0.3;     0.6;    -0.4;    -0.4;    -0.1;    -2.7;    -1.6;    -1.9;    -2.1;    -1.4;
1955;winter;    -0.4;    -0.4;     0.3;    -1.0;    -0.3;    -0.1;     0.5;     0.5;     1.1;     0.4;     0.3;     0.7;    -0.9;    -0.2;    -0.6;    -1.1;    -0.1;
1956;winter;    -2.4;    -2.4;    -2.2;    -3.4;    -2.3;    -1.9;    -1.3;    -1.3;    -1.0;    -1.9;    -1.1;    -1.6;    -3.5;    -2.5;    -2.9;    -3.4;    -2.3;
1957;winter;     2.2;     2.2;     1.2;     0.2;     2.1;     2.5;     3.4;     3.4;     3.7;     2.5;     3.1;     2.7;     1.5;     2.6;     2.0;     1.4;     2.0;
1958;winter;     0.5;     0.5;     0.6;    -0.5;     0.9;     0.4;     1.4;     1.4;     2.1;     1.4;     0.8;     1.8;     0.2;     0.9;     0.6;     0.1;     0.7;
1959;winter;     0.8;     0.8;     0.6;    -0.7;     0.9;     0.8;     1.6;     1.6;     2.0;     1.4;     1.3;     2.0;     0.4;     1.2;     0.8;     0.4;     0.8;
1960;winter;     0.2;     0.2;     1.0;    -0.4;     1.2;     0.2;     1.8;     1.8;     2.5;     1.9;     1.3;     2.3;    -0.1;     0.8;     0.4;     0.1;     0.8;
1961;winter;     1.7;     1.7;     1.5;     0.2;     1.5;     1.8;     2.5;     2.5;     3.0;     2.1;     2.2;     2.4;     1.2;     1.9;     1.4;     0.7;     1.6;
1962;winter;     0.4;     0.4;     0.4;    -1.0;     0.7;     0.6;     1.4;     1.4;     1.8;     1.2;     1.3;     1.5;    -0.4;     0.7;     0.2;    -0.4;     0.5;
1963;winter;    -5.8;    -5.8;    -5.4;    -6.9;    -5.5;    -5.0;    -4.8;    -4.8;    -4.0;    -4.5;    -4.0;    -3.9;    -6.4;    -5.8;    -6.1;    -6.4;    -5.5;
1964;winter;    -2.0;    -2.0;    -1.9;    -3.4;    -1.7;    -1.2;    -0.6;    -0.6;     0.1;    -0.9;    -0.1;    -0.6;    -2.6;    -1.9;    -2.2;    -2.7;    -1.7;
1965;winter;     0.3;     0.3;    -0.9;    -1.9;     0.1;     0.5;     1.3;     1.3;     1.3;     0.4;     1.2;     0.4;    -0.6;     0.6;     0.0;    -0.8;     0.0;
1966;winter;     0.1;     0.1;     1.9;     0.9;     1.8;    -0.1;     1.2;     1.2;     2.7;     2.5;     0.5;     2.8;     0.4;     0.7;     0.6;     0.6;     1.2;
1967;winter;     1.8;     1.8;     1.3;     0.3;     2.1;     1.8;     3.0;     3.0;     3.4;     2.4;     2.4;     2.6;     1.1;     2.3;     1.8;     1.1;     1.8;
1968;winter;     0.2;     0.2;    -0.4;    -1.3;     0.0;     0.3;     0.8;     0.8;     1.2;     0.6;     0.8;     0.9;    -0.6;     0.3;    -0.3;    -1.0;     0.0;
1969;winter;    -2.1;    -2.1;    -1.1;    -2.3;    -0.9;    -2.0;    -0.2;    -0.2;     0.6;    -0.3;    -0.7;     0.2;    -2.0;    -1.3;    -1.6;    -2.1;    -1.2;
1970;winter;    -4.4;    -4.4;    -1.8;    -3.3;    -2.4;    -4.2;    -2.4;    -2.4;    -0.9;    -1.3;    -2.8;    -0.6;    -3.9;    -3.6;    -3.6;    -3.7;    -2.8;
1971;winter;     0.7;     0.7;    -0.8;    -1.7;     0.2;     1.1;     1.6;     1.7;     1.9;     0.5;     1.8;     0.8;    -0.1;     0.7;     0.2;    -0.5;     0.3;
1972;winter;     0.7;     0.7;     0.9;     0.1;     1.3;     0.6;     1.7;     1.7;     2.7;     1.7;     1.3;     2.1;     0.5;     1.1;     0.8;     0.4;     1.1;
1973;winter;     1.1;     1.1;    -0.7;    -1.3;     0.4;     1.5;     2.2;     2.2;     2.2;     0.7;     2.4;     0.9;     0.4;     1.3;     0.6;    -0.2;     0.6;
1974;winter;     2.3;     2.3;     1.7;     0.8;     2.2;     2.3;     3.3;     3.3;     3.5;     2.6;     3.1;     3.0;     1.7;     2.8;     2.2;     1.4;     2.2;
1975;winter;     3.7;     3.7;     3.0;     2.0;     3.7;     3.8;     4.8;     4.8;     5.1;     4.0;     4.3;     4.3;     3.0;     4.1;     3.5;     2.8;     3.6;
1976;winter;     0.9;     0.9;     0.5;    -0.3;     1.0;     0.8;     2.1;     2.1;     2.4;     1.5;     1.8;     1.6;     0.3;     1.3;     0.8;     0.2;     1.0;
1977;winter;     0.8;     0.7;     0.8;    -0.4;     1.1;     0.3;     1.6;     1.6;     2.2;     1.4;     0.8;     1.7;     0.4;     1.2;     0.7;     0.2;     0.8;
1978;winter;     0.8;     0.8;     0.1;    -1.0;     0.5;     0.8;     1.5;     1.5;     1.9;     1.0;     1.2;     1.2;    -0.1;     1.0;     0.4;    -0.3;     0.5;
1979;winter;    -2.8;    -2.8;    -0.9;    -2.0;    -1.9;    -3.0;    -2.2;    -2.2;    -1.1;    -1.1;    -2.4;    -0.6;    -2.5;    -2.5;    -2.6;    -2.8;    -2.0;
1980;winter;     0.2;     0.2;     1.5;     0.5;     1.6;    -0.3;     1.7;     1.6;     2.7;     2.2;     0.6;     2.5;     0.5;     1.0;     0.8;     0.5;     1.1;
1981;winter;     0.3;     0.3;    -1.5;    -2.4;    -0.8;     0.6;     1.0;     1.0;     1.1;    -0.1;     1.0;     0.1;    -0.8;     0.3;    -0.5;    -1.5;    -0.4;
1982;winter;    -2.1;    -2.2;    -0.9;    -2.6;    -1.5;    -2.4;    -0.9;    -0.9;     0.4;    -0.6;    -1.9;     0.2;    -2.1;    -1.6;    -1.9;    -2.4;    -1.5;
1983;winter;     1.9;     1.9;     1.1;     0.2;     1.4;     1.9;     2.4;     2.4;     2.5;     1.8;     2.5;     2.0;     1.0;     2.0;     1.4;     0.6;     1.5;
1984;winter;     0.7;     0.6;     0.0;    -1.2;     0.6;     0.6;     1.6;     1.6;     2.1;     1.2;     1.2;     1.4;     0.0;     0.9;     0.3;    -0.4;     0.5;
1985;winter;    -3.0;    -3.0;    -2.3;    -3.7;    -2.3;    -2.9;    -1.5;    -1.5;    -0.9;    -1.6;    -1.9;    -1.2;    -3.3;    -2.4;    -2.8;    -3.3;    -2.5;
1986;winter;    -1.2;    -1.2;    -0.9;    -1.8;    -0.7;    -0.9;    -0.2;    -0.2;     0.4;    -0.2;    -0.4;     0.3;    -1.6;    -1.1;    -1.4;    -1.8;    -0.9;
1987;winter;    -2.1;    -2.1;    -1.1;    -2.3;    -1.3;    -1.6;    -0.6;    -0.6;     0.1;    -0.5;    -0.5;    -0.1;    -2.5;    -1.8;    -2.1;    -2.4;    -1.4;
1988;winter;     2.8;     2.8;     2.1;     1.2;     2.5;     2.8;     3.7;     3.7;     3.9;     2.9;     3.3;     3.1;     2.0;     3.0;     2.4;     1.7;     2.6;
1989;winter;     3.5;     3.5;     2.2;     1.4;     2.8;     3.9;     4.3;     4.3;     4.4;     3.2;     4.4;     3.2;     2.6;     3.6;     3.0;     2.2;     3.1;
1990;winter;     4.1;     4.1;     2.9;     1.6;     3.6;     4.0;     4.8;     4.8;     5.1;     3.9;     4.5;     4.1;     3.5;     4.3;     3.7;     3.0;     3.6;
1991;winter;     0.1;     0.1;    -0.6;    -1.6;    -0.2;     0.5;     1.1;     1.1;     1.2;     0.2;     1.3;     0.6;    -0.5;     0.2;    -0.3;    -0.9;    -0.1;
1992;winter;     2.1;     2.1;     0.3;    -0.4;     1.3;     2.4;     2.9;     2.9;     2.8;     1.6;     3.1;     1.8;     1.2;     2.2;     1.6;     0.8;     1.5;
1993;winter;     1.0;     1.0;     1.0;    -0.4;     0.8;     1.4;     2.0;     2.0;     2.3;     1.6;     2.2;     2.0;     0.4;     1.2;     0.7;    -0.1;     1.0;
1994;winter;     1.8;     1.8;     2.3;     1.4;     2.1;     1.5;     2.3;     2.3;     3.0;     2.7;     1.9;     3.0;     1.6;     2.0;     1.6;     1.2;     2.0;
1995;winter;     2.9;     2.9;     2.6;     1.5;     2.8;     2.8;     3.6;     3.7;     4.1;     3.5;     3.2;     3.9;     2.2;     3.1;     2.7;     2.0;     2.8;
1996;winter;    -3.5;    -3.5;    -1.1;    -2.5;    -1.8;    -3.5;    -2.3;    -2.3;    -0.8;    -0.8;    -2.6;    -0.1;    -3.4;    -3.0;    -3.1;    -3.2;    -2.3;
1997;winter;    -0.5;    -0.5;    -0.3;    -1.4;    -0.4;    -0.2;     0.6;     0.7;     1.0;     0.1;     0.6;     0.5;    -1.2;    -0.3;    -0.7;    -1.2;    -0.3;
1998;winter;     3.3;     3.3;     2.3;     1.4;     2.8;     3.4;     4.2;     4.2;     4.3;     3.1;     4.0;     3.2;     2.6;     3.6;     3.0;     2.3;     3.0;
1999;winter;     1.5;     1.5;     0.7;    -0.4;     1.5;     1.4;     2.6;     2.6;     3.0;     2.0;     2.0;     2.1;     0.7;     1.9;     1.4;     0.7;     1.3;
2000;winter;     2.6;     2.6;     1.7;     0.7;     2.4;     2.8;     3.7;     3.7;     3.7;     2.8;     3.5;     2.8;     1.7;     3.0;     2.4;     1.7;     2.4;
2001;winter;     1.7;     1.7;     2.5;     0.9;     2.3;     1.8;     2.7;     2.7;     3.5;     3.0;     2.3;     3.4;     1.4;     2.1;     1.7;     1.3;     2.1;
2002;winter;     2.2;     2.2;     1.4;     0.3;     2.0;     2.5;     3.3;     3.3;     3.6;     2.4;     3.1;     2.4;     1.3;     2.5;     1.9;     1.2;     2.0;
2003;winter;    -1.6;    -1.6;    -0.1;    -1.4;    -0.1;    -1.4;     0.0;     0.0;     1.2;     0.9;    -0.2;     1.3;    -2.0;    -1.1;    -1.3;    -1.6;    -0.6;
2004;winter;     1.2;     1.2;     0.9;     0.0;     1.6;     1.3;     2.6;     2.6;     2.9;     2.0;     2.2;     2.3;     0.5;     1.7;     1.2;     0.7;     1.4;
2005;winter;     1.4;     1.4;    -0.4;    -1.3;     0.4;     2.0;     2.3;     2.3;     1.9;     0.7;     2.5;     0.8;     0.1;     1.4;     0.7;    -0.2;     0.7;
2006;winter;    -1.1;    -1.1;    -1.3;    -2.3;    -0.5;    -0.5;     0.8;     0.8;     1.0;     0.1;     0.8;     0.4;    -1.7;    -0.6;    -1.0;    -1.6;    -0.7;
2007;winter;     4.6;     4.6;     3.8;     3.1;     4.3;     4.6;     5.4;     5.4;     5.5;     4.6;     5.3;     4.8;     4.1;     4.9;     4.5;     3.9;     4.4;
2008;winter;     3.4;     3.4;     2.2;     1.4;     2.8;     3.6;     4.2;     4.2;     4.1;     3.1;     4.2;     3.3;     2.7;     3.6;     3.1;     2.5;     3.0;
2009;winter;     0.0;     0.0;    -0.9;    -1.6;    -0.5;     0.5;     1.1;     1.1;     0.9;     0.0;     1.4;     0.3;    -0.6;     0.1;    -0.4;    -1.0;    -0.2;
2010;winter;    -2.0;    -2.0;    -0.7;    -1.8;    -1.0;    -1.9;    -0.9;    -0.9;     0.0;    -0.2;    -1.2;     0.3;    -2.2;    -1.8;    -2.0;    -2.2;    -1.3;
2011;winter;    -1.3;    -1.3;     0.0;    -1.4;    -0.3;    -1.1;     0.1;     0.1;     0.8;     0.5;    -0.6;     0.9;    -1.8;    -0.8;    -1.1;    -1.5;    -0.6;
2012;winter;     1.3;     1.3;     0.5;    -0.5;     1.1;     1.6;     2.4;     2.4;     2.4;     1.7;     2.2;     1.8;     0.2;     1.4;     0.9;     0.2;     1.1;
2013;winter;     0.1;     0.1;     0.2;    -0.6;     0.5;     0.2;     1.2;     1.2;     1.6;     1.0;     0.7;     1.2;    -0.6;     0.4;     0.1;    -0.4;     0.3;
2014;winter;     3.1;     3.1;     3.0;     2.0;     3.7;     3.1;     4.3;     4.3;     5.0;     4.0;     3.9;     4.2;     2.8;     3.5;     3.3;     2.9;     3.3;
2015;winter;     2.3;     2.3;     1.2;     0.6;     1.7;     2.3;     2.9;     2.9;     2.8;     1.9;     2.8;     2.0;     1.7;     2.3;     1.9;     1.2;     1.9;
2016;winter;     3.4;     3.4;     3.5;     2.6;     3.8;     3.2;     4.4;     4.4;     5.1;     4.3;     3.9;     4.5;     3.1;     3.7;     3.4;     3.0;     3.6;
2017;winter;     1.1;     1.1;     0.2;    -0.8;     0.8;     1.7;     2.3;     2.3;     2.6;     1.3;     2.7;     1.4;     0.3;     1.4;     0.9;     0.2;     1.0;
