Jahr;season;Brandenburg/Berlin;Brandenburg;Baden-Wuerttemberg;Bayern;Hessen;Mecklenburg-Vorpommern;Niedersachsen;Niedersachsen/Hamburg/Bremen;Nordrhein-Westfalen;Rheinland-Pfalz;Schleswig-Holstein;Saarland;Sachsen;Sachsen-Anhalt;Thueringen/Sachsen-Anhalt;Thueringen;Deutschland;
1881;autumn;   146.5;   146.5;   203.8;   181.7;   151.6;   173.1;   166.6;   167.0;   187.2;   178.8;   221.3;   197.4;   166.1;   139.9;   143.9;   149.0;   174.1;
1882;autumn;   173.1;   173.0;   476.8;   343.8;   315.6;   133.1;   179.4;   179.3;   276.2;   401.1;   233.3;   481.8;   274.7;   164.8;   205.3;   256.3;   280.1;
1883;autumn;   148.0;   148.0;   251.7;   221.5;   215.2;   161.7;   195.1;   195.1;   242.9;   253.8;   249.9;   310.6;   182.1;   141.9;   156.1;   174.0;   207.4;
1884;autumn;   175.9;   175.7;   152.1;   175.2;   143.0;   166.7;   213.4;   213.9;   174.0;   135.8;   246.3;   154.2;   181.4;   178.9;   169.7;   158.0;   176.1;
1885;autumn;   142.9;   142.9;   290.8;   266.6;   235.1;   153.2;   208.2;   208.0;   263.6;   258.1;   240.5;   314.8;   185.0;   137.1;   159.7;   188.2;   224.5;
1886;autumn;    98.7;    98.6;   225.0;   143.9;   176.3;    93.4;   120.1;   119.9;   165.1;   195.9;   144.1;   219.7;   128.4;    95.3;   109.6;   127.7;   144.7;
1887;autumn;   107.2;   107.2;   168.4;   158.0;   146.5;   139.9;   155.9;   156.1;   183.0;   161.8;   204.9;   186.2;   127.7;    98.8;   109.9;   123.9;   150.9;
1888;autumn;   152.4;   152.4;   212.2;   209.1;   139.0;   146.5;   166.1;   165.9;   181.1;   148.1;   179.5;   177.5;   179.5;   150.9;   153.2;   156.1;   175.7;
1889;autumn;   175.4;   175.5;   240.7;   209.3;   146.0;   172.8;   182.0;   182.7;   161.1;   156.7;   246.7;   178.3;   209.9;   165.9;   164.8;   163.3;   189.2;
1890;autumn;   131.2;   131.1;   210.6;   248.1;   179.2;   120.7;   167.9;   167.5;   227.5;   172.1;   165.8;   192.8;   181.4;   132.2;   150.5;   173.5;   187.4;
1891;autumn;   120.3;   119.9;   169.3;   151.6;   127.8;   101.5;    89.2;    89.3;    92.6;   140.5;   145.7;   165.7;   137.9;    87.3;   102.5;   121.6;   125.4;
1892;autumn;    75.7;    75.8;   255.2;   246.5;   139.2;   127.1;   146.9;   146.7;   181.7;   176.9;   175.9;   208.7;    78.3;    75.4;    90.0;   108.4;   166.9;
1893;autumn;   188.6;   188.3;   254.1;   242.7;   237.5;   234.1;   238.4;   239.0;   258.3;   233.9;   308.4;   273.5;   188.2;   201.6;   212.3;   225.7;   236.0;
1894;autumn;   125.7;   126.3;   268.0;   261.7;   247.8;   147.8;   178.1;   178.2;   223.2;   246.4;   174.4;   227.1;   186.2;   141.2;   178.1;   224.5;   209.9;
1895;autumn;   138.3;   137.9;   192.9;   158.0;   175.5;   153.4;   178.4;   178.4;   186.0;   174.2;   234.2;   211.0;   152.1;   118.3;   134.1;   153.9;   167.8;
1896;autumn;   146.0;   146.3;   265.9;   175.9;   165.1;   179.0;   178.8;   179.1;   203.3;   229.7;   227.3;   296.4;   144.9;   124.1;   128.1;   133.0;   184.6;
1897;autumn;   115.5;   115.4;   176.6;   175.6;   142.6;   135.5;   150.8;   151.1;   159.7;   125.0;   193.2;   112.0;   149.7;   142.4;   158.7;   179.1;   155.5;
1898;autumn;    91.4;    92.1;   164.0;   144.3;   102.4;    97.7;    99.0;    99.1;   102.6;   121.9;   123.7;   131.2;   141.3;    78.6;    92.5;   110.0;   118.4;
1899;autumn;   121.4;   121.6;   172.6;   242.1;   175.9;   134.3;   192.1;   192.1;   200.4;   170.5;   249.4;   178.0;   188.8;   141.6;   159.5;   182.1;   187.6;
1900;autumn;   119.4;   119.4;   165.5;   148.8;   180.2;   121.2;   152.3;   152.1;   174.3;   180.4;   181.5;   180.6;   135.5;   131.0;   142.4;   156.6;   152.9;
1901;autumn;   166.9;   166.8;   213.9;   179.7;   244.0;   148.4;   251.5;   250.3;   324.9;   263.2;   200.6;   297.8;   196.6;   189.1;   194.9;   202.1;   216.1;
1902;autumn;    97.4;    97.7;   144.9;   131.8;   113.2;    99.3;   121.6;   121.5;   161.4;   117.8;   125.0;   146.8;   105.6;    95.2;   100.3;   106.7;   123.0;
1903;autumn;   168.6;   168.7;   247.2;   227.5;   224.9;   226.7;   260.1;   260.2;   271.9;   218.9;   311.1;   244.3;   205.5;   167.5;   190.3;   219.1;   231.4;
1904;autumn;   128.9;   129.3;   200.5;   217.7;   183.1;   157.5;   173.3;   173.2;   176.9;   180.4;   195.3;   177.8;   181.9;   141.0;   163.8;   192.4;   182.0;
1905;autumn;   187.8;   187.3;   264.1;   247.8;   218.9;   180.6;   250.5;   250.4;   276.0;   223.2;   233.5;   244.5;   249.2;   208.3;   224.6;   245.0;   237.2;
1906;autumn;   143.7;   143.8;   131.0;   155.5;   138.7;   143.6;   159.9;   159.4;   169.0;   132.7;   156.8;   142.4;   190.9;   150.8;   155.5;   161.4;   152.8;
1907;autumn;    82.3;    82.0;   129.3;   118.5;   133.6;    46.4;    85.8;    85.2;   135.1;   144.2;    81.6;   157.6;   107.4;    82.3;    93.0;   106.6;   106.8;
1908;autumn;    45.9;    46.2;   154.8;   126.6;    91.0;    59.7;    75.1;    74.9;   109.0;    93.6;    94.1;   116.7;    82.3;    46.9;    58.4;    72.9;    95.1;
1909;autumn;   149.8;   149.8;   230.7;   184.3;   210.8;   154.8;   233.7;   232.9;   220.7;   204.8;   225.8;   233.4;   180.4;   166.8;   198.5;   238.5;   200.4;
1910;autumn;   125.7;   125.8;   243.5;   239.1;   177.3;   115.5;   139.8;   139.5;   200.4;   232.0;   168.8;   262.1;   196.0;   132.6;   141.6;   153.0;   185.8;
1911;autumn;    88.8;    88.8;   195.0;   148.6;   133.8;   108.1;   156.5;   157.0;   166.9;   168.6;   228.3;   218.1;   107.5;    81.3;    89.9;   100.7;   144.6;
1912;autumn;   126.0;   126.5;   233.5;   232.6;   237.1;   140.9;   205.5;   205.6;   256.1;   197.4;   217.1;   220.9;   181.7;   127.2;   151.0;   180.9;   203.0;
1913;autumn;   104.5;   104.8;   243.9;   221.4;   198.1;   146.4;   143.8;   143.2;   204.5;   230.8;   151.9;   275.2;   131.5;   107.4;   118.6;   132.7;   178.2;
1914;autumn;   134.8;   134.9;   212.5;   188.0;   173.2;   168.9;   195.3;   195.8;   201.3;   174.6;   225.9;   200.3;   168.9;   140.2;   150.7;   163.9;   182.5;
1915;autumn;   140.9;   141.3;   172.8;   174.4;   104.4;    84.8;   103.6;   103.3;   129.3;   112.2;   113.2;   139.4;   253.3;   105.8;   115.4;   127.5;   139.4;
1916;autumn;   110.3;   110.5;   223.4;   199.8;   171.3;   138.7;   161.4;   162.5;   171.3;   182.3;   195.6;   262.7;   136.9;   102.5;   122.8;   148.3;   169.6;
1917;autumn;   133.3;   133.0;   241.7;   208.1;   184.1;   176.1;   186.7;   186.9;   220.9;   200.8;   266.2;   227.9;   118.8;   103.7;   119.6;   139.7;   188.9;
1918;autumn;    97.5;    97.1;   226.3;   150.7;   173.3;   123.8;   158.9;   158.6;   205.9;   189.8;   206.0;   232.9;   132.7;   116.6;   133.5;   154.7;   162.3;
1919;autumn;   169.6;   169.9;   235.7;   213.0;   171.6;   150.8;   159.6;   159.7;   189.2;   189.4;   180.2;   225.1;   256.1;   158.0;   164.8;   173.3;   190.5;
1920;autumn;    52.8;    52.8;   160.8;   124.1;   104.9;    59.9;    79.6;    79.5;   110.2;   132.5;    95.4;   156.3;    69.6;    56.0;    74.7;    98.3;   101.0;
1921;autumn;   111.7;   111.3;   126.2;   133.3;    87.7;   127.3;   117.2;   117.4;   114.3;    78.0;   157.1;    94.1;   132.4;    98.4;    96.7;    94.5;   117.9;
1922;autumn;   145.5;   145.8;   317.9;   302.1;   244.2;   157.2;   193.2;   191.9;   252.2;   248.6;   150.5;   242.9;   258.5;   168.6;   194.9;   228.0;   235.0;
1923;autumn;   125.4;   125.9;   322.4;   262.2;   302.7;   156.2;   199.8;   199.3;   265.1;   308.4;   256.9;   381.9;   200.6;   147.0;   177.4;   215.6;   235.3;
1924;autumn;   112.9;   113.2;   223.3;   185.5;   212.0;   112.1;   159.4;   159.1;   208.9;   219.5;   167.9;   289.4;   170.2;   112.1;   145.2;   186.8;   175.7;
1925;autumn;   158.7;   158.5;   210.9;   191.0;   226.9;   194.3;   206.7;   207.5;   263.5;   210.1;   248.7;   251.5;   168.3;   139.3;   163.6;   194.3;   202.0;
1926;autumn;   189.3;   189.4;   199.3;   165.0;   200.9;   221.2;   246.6;   245.9;   297.6;   222.3;   246.5;   253.8;   176.8;   187.4;   174.1;   157.4;   209.0;
1927;autumn;    98.5;    98.7;   278.8;   244.1;   182.2;   136.0;   168.1;   168.8;   187.3;   198.3;   231.3;   240.4;   152.3;   100.7;   118.2;   140.2;   188.3;
1928;autumn;   143.6;   144.1;   228.4;   193.0;   229.4;   188.5;   228.7;   228.9;   253.0;   221.6;   248.8;   284.4;   178.1;   170.0;   176.1;   183.7;   207.5;
1929;autumn;   118.4;   118.2;   163.3;   151.4;   171.5;   143.6;   168.5;   168.8;   222.3;   181.9;   187.4;   183.9;   138.0;   111.5;   125.9;   144.1;   160.0;
1930;autumn;   242.1;   242.8;   360.0;   311.7;   296.5;   230.5;   288.0;   287.7;   339.5;   320.1;   274.9;   479.9;   299.7;   200.7;   214.6;   232.1;   293.8;
1931;autumn;   142.0;   141.7;   177.2;   178.2;   132.6;   160.4;   145.7;   145.6;   131.3;   126.3;   150.8;   140.0;   171.0;   126.7;   132.8;   140.4;   153.2;
1932;autumn;   158.7;   158.7;   236.3;   236.6;   275.5;   216.9;   270.1;   270.3;   310.0;   281.1;   328.8;   335.3;   164.1;   172.4;   189.2;   210.3;   241.4;
1933;autumn;   119.5;   119.5;   189.7;   172.9;   137.6;   141.8;   131.8;   131.7;   159.1;   149.3;   144.6;   165.8;    96.7;   108.8;   111.1;   114.1;   146.5;
1934;autumn;   140.4;   140.3;   181.2;   168.2;   189.0;   156.2;   173.5;   173.9;   173.4;   147.0;   246.5;   155.1;   203.3;   116.6;   134.2;   156.3;   169.5;
1935;autumn;   153.7;   154.3;   247.6;   232.7;   180.5;   189.7;   213.7;   213.7;   235.6;   185.8;   263.9;   262.4;   206.7;   136.6;   142.0;   148.8;   207.9;
1936;autumn;   131.4;   131.5;   255.2;   234.8;   195.2;   177.6;   221.7;   221.3;   242.6;   192.0;   243.5;   228.2;   160.4;   126.7;   145.4;   168.9;   206.1;
1937;autumn;    93.4;    93.5;   178.1;   193.6;    91.8;   115.3;   119.5;   120.0;   108.0;   113.2;   140.5;   141.4;   132.8;    82.5;    87.5;    93.8;   133.4;
1938;autumn;   142.2;   142.4;   173.7;   153.5;   177.9;   139.8;   214.6;   214.1;   218.6;   179.6;   235.9;   188.3;   150.5;   136.0;   131.6;   126.0;   172.6;
1939;autumn;   211.0;   210.3;   448.5;   372.2;   343.3;   169.4;   241.5;   240.5;   311.8;   348.3;   187.9;   396.7;   244.4;   225.3;   262.3;   308.9;   300.8;
1940;autumn;   128.5;   128.4;   333.4;   278.1;   248.2;   125.9;   216.3;   216.1;   256.8;   236.2;   217.6;   322.2;   195.7;   144.2;   177.6;   219.6;   229.8;
1941;autumn;   171.8;   171.6;   200.0;   236.9;   186.5;   181.3;   225.2;   224.8;   231.1;   147.5;   176.3;   139.4;   247.4;   193.3;   209.1;   229.0;   208.4;
1942;autumn;   168.6;   168.8;   201.0;   189.7;   168.4;   184.5;   200.1;   199.8;   206.4;   168.9;   221.4;   205.0;   225.9;   171.4;   174.4;   178.3;   191.2;
1943;autumn;    91.2;    90.8;   180.1;   157.8;   148.6;    81.2;   131.3;   131.1;   172.0;   158.7;   136.9;   208.0;   103.3;    91.0;   106.0;   124.9;   138.2;
1944;autumn;   166.7;   167.1;   396.1;   329.1;   250.5;   189.3;   240.1;   240.2;   293.5;   278.4;   278.6;   383.7;   184.5;   171.9;   188.6;   209.5;   266.7;
1945;autumn;   126.4;   126.9;   189.0;   173.3;   108.9;   137.2;   122.1;   122.1;   154.0;   116.0;   151.3;   123.3;   155.2;   105.5;   113.3;   123.1;   144.6;
1946;autumn;   109.8;   109.9;   153.6;   165.0;   168.1;   156.0;   177.6;   177.8;   184.6;   143.3;   199.2;   184.8;   139.0;   130.2;   142.1;   157.1;   159.2;
1947;autumn;   136.5;   136.0;   198.1;   189.5;   134.7;   153.5;   202.3;   202.7;   195.2;   144.0;   225.0;   178.3;   145.9;   112.7;   115.1;   118.1;   171.8;
1948;autumn;    84.5;    84.6;   109.7;    98.2;   103.9;   101.9;   106.9;   107.1;   114.5;    96.7;   154.5;   122.4;    61.7;    80.9;    79.0;    76.7;   100.3;
1949;autumn;    74.3;    74.3;   126.1;   114.2;   121.1;   108.3;   150.0;   150.0;   187.6;   151.8;   161.3;   206.1;    81.2;    82.8;    91.3;   102.0;   124.7;
1950;autumn;   122.5;   122.7;   326.1;   295.4;   242.0;   157.9;   200.9;   200.9;   237.5;   244.0;   257.4;   296.6;   165.8;   122.1;   158.4;   204.0;   228.3;
1951;autumn;   111.8;   111.7;   220.9;   146.4;   177.0;   138.9;   174.7;   174.8;   208.3;   198.6;   181.2;   231.3;   130.9;   128.4;   141.0;   156.8;   165.8;
1952;autumn;   185.4;   186.0;   403.3;   356.5;   316.8;   187.3;   234.3;   233.8;   281.4;   324.3;   242.8;   377.6;   299.2;   213.8;   262.6;   324.0;   290.6;
1953;autumn;    61.3;    61.4;   104.3;    72.6;    80.2;    95.8;   102.3;   102.5;    79.9;    78.6;   125.1;   105.8;    73.7;    59.1;    65.0;    72.5;    83.8;
1954;autumn;   133.0;   131.8;   245.7;   226.4;   219.8;   163.1;   236.2;   236.1;   250.7;   220.1;   281.7;   307.5;   153.3;   137.8;   147.2;   159.0;   210.4;
1955;autumn;   113.2;   112.9;   138.5;   139.4;   116.9;   123.1;   165.2;   165.5;   162.2;   110.8;   185.6;   132.9;   135.0;   109.7;   114.6;   120.6;   138.1;
1956;autumn;   158.9;   158.5;   233.8;   221.3;   194.5;   144.5;   173.2;   172.7;   255.3;   190.7;   160.8;   214.7;   183.7;   130.2;   135.6;   142.4;   192.4;
1957;autumn;   124.7;   124.6;   164.1;   163.1;   213.8;   158.3;   218.1;   217.9;   273.7;   185.4;   272.9;   228.7;   144.7;   140.7;   153.1;   168.7;   185.1;
1958;autumn;   105.9;   105.7;   205.5;   203.1;   151.7;   124.5;   150.7;   151.3;   187.9;   147.0;   176.7;   171.4;   166.1;   106.8;   120.5;   137.8;   163.8;
1959;autumn;    74.3;    74.2;   129.9;   103.3;    91.4;    74.0;    74.7;    74.7;    86.5;    86.4;    85.3;   101.9;    80.2;    79.7;    89.6;   102.1;    91.2;
1960;autumn;   194.8;   194.3;   254.4;   239.8;   268.3;   185.3;   241.9;   241.4;   331.6;   231.6;   271.6;   313.0;   242.5;   186.6;   212.7;   245.4;   243.5;
1961;autumn;   121.2;   120.9;   135.5;   123.8;   194.1;   109.3;   174.1;   173.7;   213.6;   185.3;   180.4;   248.7;    99.3;   130.8;   124.1;   115.5;   148.9;
1962;autumn;    74.4;    74.2;   110.0;   122.3;   105.2;    91.3;   105.7;   105.7;   117.9;   123.6;   139.6;   150.1;    86.1;    62.7;    68.3;    75.3;   105.0;
1963;autumn;   132.3;   132.1;   234.4;   206.6;   215.3;   182.8;   204.8;   205.3;   233.3;   206.6;   279.8;   273.8;   141.1;   118.9;   134.1;   153.1;   197.3;
1964;autumn;   128.1;   128.2;   238.7;   249.8;   199.6;   134.7;   152.3;   152.5;   218.1;   222.9;   189.0;   282.4;   156.3;    89.1;   108.9;   133.7;   188.7;
1965;autumn;   123.8;   123.8;   250.7;   193.3;   186.4;   132.4;   139.9;   140.5;   169.7;   212.0;   242.4;   307.9;   150.4;   139.8;   151.6;   166.4;   177.1;
1966;autumn;   103.7;   103.8;   173.5;   195.2;   204.9;   100.3;   167.2;   167.2;   212.4;   202.6;   206.0;   222.8;   169.4;   126.8;   154.1;   188.5;   173.1;
1967;autumn;   158.1;   158.9;   210.2;   195.5;   236.0;   155.2;   204.4;   204.0;   226.3;   274.3;   218.7;   377.6;   176.6;   134.2;   145.1;   158.7;   198.3;
1968;autumn;   217.4;   217.0;   262.3;   218.1;   197.6;   243.7;   259.8;   260.5;   258.5;   199.5;   316.2;   221.9;   210.8;   185.3;   181.3;   176.1;   231.8;
1969;autumn;    81.1;    81.1;   140.8;   127.7;   129.2;   135.9;   131.6;   131.9;   138.7;   125.4;   227.7;   169.9;    92.0;    88.7;   101.0;   116.5;   127.3;
1970;autumn;   169.4;   169.8;   206.8;   228.2;   201.1;   228.0;   247.3;   248.1;   260.3;   171.1;   321.3;   189.5;   196.8;   160.6;   173.1;   188.8;   218.7;
1971;autumn;    98.0;    97.8;   148.7;   144.2;   141.4;    94.9;   129.0;   129.5;   149.9;   143.1;   182.4;   154.6;   148.5;    81.4;   101.0;   125.7;   133.4;
1972;autumn;   100.7;   100.6;   239.8;   206.2;   152.6;    99.3;   146.3;   146.7;   160.3;   176.2;   172.7;   205.3;   130.6;   111.4;   120.5;   131.9;   162.4;
1973;autumn;   133.7;   133.5;   266.1;   231.5;   199.4;   176.8;   224.0;   224.2;   211.5;   197.9;   273.8;   217.7;   144.9;   127.7;   145.4;   167.5;   205.1;
1974;autumn;   208.7;   208.3;   337.2;   297.6;   267.5;   206.6;   231.5;   231.3;   318.3;   300.6;   272.3;   364.3;   279.0;   181.4;   201.4;   226.6;   268.3;
1975;autumn;   111.1;   111.4;   202.4;   166.6;   155.8;   117.1;   153.0;   153.0;   178.1;   177.7;   180.8;   211.3;   128.7;    98.2;   108.5;   121.5;   154.6;
1976;autumn;   108.9;   109.2;   218.4;   192.3;   151.2;   144.7;   153.9;   154.3;   180.6;   203.1;   171.0;   232.6;   130.8;    98.1;   110.1;   125.1;   164.5;
1977;autumn;   135.7;   134.8;   244.3;   206.5;   208.5;   132.0;   186.5;   187.2;   200.0;   196.0;   244.9;   235.4;   192.2;   135.1;   165.7;   204.1;   192.7;
1978;autumn;   170.4;   170.3;   168.2;   186.4;   109.2;   180.4;   175.1;   176.2;   149.2;    98.8;   236.8;    95.2;   189.7;   126.3;   131.9;   138.9;   164.7;
1979;autumn;   120.0;   120.1;   229.9;   245.2;   157.1;   105.6;   134.9;   135.0;   156.0;   172.1;   181.3;   206.1;   180.8;    97.7;   119.3;   146.6;   172.0;
1980;autumn;   136.4;   136.7;   192.2;   196.3;   154.9;   175.0;   196.7;   197.2;   184.0;   167.8;   311.9;   229.9;   189.1;   124.3;   141.6;   163.2;   183.8;
1981;autumn;   183.1;   183.1;   373.5;   377.7;   262.3;   210.0;   243.7;   243.4;   305.7;   280.2;   270.4;   355.8;   259.4;   180.8;   210.9;   248.8;   284.6;
1982;autumn;    74.7;    74.6;   246.4;   156.9;   206.0;    88.6;   159.5;   159.4;   206.1;   252.7;   185.2;   309.5;    67.2;    78.0;    95.0;   116.4;   159.2;
1983;autumn;   109.8;   109.3;   195.0;   181.8;   158.3;   138.4;   184.8;   185.3;   181.4;   157.5;   256.5;   221.3;    95.2;    98.3;   109.0;   122.5;   163.6;
1984;autumn;   134.0;   133.4;   257.7;   231.1;   273.8;   153.1;   247.2;   246.9;   330.8;   288.6;   278.4;   337.2;   149.7;   148.8;   172.4;   202.0;   230.5;
1985;autumn;    83.7;    83.8;   165.6;   163.1;   136.0;   109.8;   143.0;   143.8;   148.1;   132.6;   199.6;   165.5;    90.3;    77.9;    90.1;   105.4;   136.2;
1986;autumn;   107.4;   107.3;   231.7;   179.6;   204.1;   130.9;   162.2;   162.7;   214.5;   226.1;   265.3;   292.1;   131.8;   108.0;   129.4;   156.4;   177.5;
1987;autumn;   140.0;   139.5;   234.6;   198.7;   219.7;   154.9;   228.5;   228.8;   260.6;   270.9;   253.6;   296.3;   143.9;   131.8;   147.1;   166.5;   204.8;
1988;autumn;    82.5;    82.5;   223.2;   200.4;   188.6;   117.2;   179.7;   179.5;   234.5;   204.8;   231.6;   238.2;   151.9;   100.8;   125.5;   156.6;   178.8;
1989;autumn;   115.2;   115.3;   146.0;   210.7;   186.3;    99.5;   138.3;   137.6;   182.6;   151.9;   131.6;   172.8;   182.2;   114.6;   138.4;   168.3;   159.0;
1990;autumn;   138.9;   139.6;   299.2;   280.0;   229.5;   199.2;   257.2;   257.4;   243.6;   232.4;   330.3;   249.4;   174.8;   144.5;   160.9;   181.5;   236.9;
1991;autumn;    90.8;    90.8;   223.0;   162.2;   175.7;   104.7;   191.7;   191.7;   235.5;   192.2;   227.9;   231.3;    98.4;    87.0;    99.5;   115.3;   165.6;
1992;autumn;   122.4;   122.3;   313.5;   291.8;   225.2;   147.5;   239.0;   238.9;   270.9;   235.3;   281.8;   306.5;   139.8;   143.0;   156.5;   173.6;   232.1;
1993;autumn;   129.0;   129.1;   228.0;   190.8;   201.4;   171.6;   220.8;   220.8;   289.3;   238.8;   224.5;   242.3;   155.1;   121.9;   135.0;   151.6;   199.2;
1994;autumn;   140.7;   140.7;   202.8;   197.7;   203.5;   167.1;   232.1;   231.5;   274.0;   203.4;   254.1;   238.6;   151.4;   134.3;   146.1;   161.0;   199.0;
1995;autumn;   119.6;   119.3;   219.3;   201.6;   161.7;   137.2;   176.8;   177.0;   171.9;   168.0;   171.7;   203.8;   199.1;   136.3;   156.0;   180.7;   175.8;
1996;autumn;   131.9;   131.8;   258.4;   245.4;   236.5;   164.4;   222.7;   222.0;   240.8;   227.0;   227.2;   285.6;   170.5;   158.4;   176.7;   199.7;   215.4;
1997;autumn;    75.6;    75.8;   142.4;   142.5;   146.1;   108.9;   122.9;   122.9;   142.8;   158.1;   162.6;   177.7;   113.0;    77.2;    90.1;   106.2;   127.4;
1998;autumn;   191.9;   192.0;   414.2;   440.3;   406.1;   192.4;   345.4;   344.2;   449.0;   368.5;   322.3;   423.9;   260.9;   228.0;   283.8;   354.0;   351.6;
1999;autumn;    84.5;    85.0;   204.3;   186.7;   154.8;    96.1;   130.4;   129.9;   175.8;   163.8;   163.4;   194.2;   130.3;    90.6;   113.2;   141.5;   150.6;
2000;autumn;   111.9;   112.0;   244.1;   233.9;   211.0;   145.0;   151.5;   151.3;   206.0;   276.7;   179.3;   378.5;   139.4;   108.5;   130.7;   158.6;   189.6;
2001;autumn;   186.1;   185.9;   326.7;   293.7;   272.4;   218.0;   278.9;   279.3;   311.7;   246.6;   290.7;   270.9;   228.7;   168.4;   192.8;   223.5;   268.8;
2002;autumn;   191.6;   191.8;   392.1;   378.2;   264.8;   182.7;   242.2;   242.1;   258.7;   248.4;   238.2;   316.0;   256.6;   194.0;   226.8;   268.0;   281.7;
2003;autumn;   113.0;   112.6;   201.6;   183.0;   143.3;   135.7;   165.4;   164.7;   208.8;   154.5;   175.8;   196.4;   122.0;   124.2;   135.2;   149.0;   165.6;
2004;autumn;   130.1;   130.3;   222.7;   211.6;   180.8;   142.9;   200.7;   201.3;   229.6;   161.2;   222.1;   178.9;   209.4;   118.3;   144.6;   177.6;   190.3;
2005;autumn;   104.6;   104.4;   157.9;   148.5;   140.7;   121.5;   160.3;   160.1;   182.4;   140.2;   152.2;   154.3;   121.3;   125.7;   129.4;   134.1;   144.6;
2006;autumn;    89.6;    89.9;   191.6;   142.8;   147.6;   134.4;   138.9;   139.2;   164.8;   166.6;   195.5;   215.2;   141.4;    80.8;   105.5;   136.6;   144.9;
2007;autumn;   147.3;   147.5;   178.8;   254.4;   199.2;   144.8;   239.8;   239.1;   246.4;   152.6;   183.7;   136.0;   226.5;   190.2;   213.6;   243.1;   209.1;
2008;autumn;   151.7;   151.3;   205.7;   182.6;   168.8;   144.8;   184.3;   184.2;   188.3;   165.0;   240.7;   187.8;   179.5;   133.0;   151.7;   175.0;   178.0;
2009;autumn;   185.5;   185.4;   206.5;   203.7;   215.1;   194.0;   229.5;   229.3;   263.1;   203.1;   251.3;   244.8;   194.0;   191.8;   209.9;   232.6;   214.0;
2010;autumn;   225.5;   226.0;   204.3;   171.3;   172.5;   214.9;   238.8;   238.8;   236.5;   178.2;   319.3;   226.5;   261.9;   240.2;   228.4;   213.6;   215.3;
2011;autumn;   105.2;   105.5;   116.4;   141.0;    96.5;    79.3;   115.8;   115.7;   114.1;    72.9;   160.2;    86.6;   113.6;    95.9;   102.5;   110.8;   114.1;
2012;autumn;   121.0;   121.3;   262.8;   198.8;   145.7;   132.6;   146.0;   146.1;   160.9;   175.0;   198.2;   188.6;   148.9;    99.7;   118.5;   142.6;   168.2;
2013;autumn;   166.4;   166.2;   306.3;   254.6;   253.7;   178.4;   217.9;   217.8;   247.5;   280.6;   251.9;   337.5;   157.5;   195.4;   203.8;   214.7;   233.3;
2014;autumn;    91.3;    91.7;   199.1;   189.5;   141.5;   120.9;   111.2;   111.0;   162.0;   166.0;   136.6;   197.4;   141.4;    99.5;   116.0;   137.6;   148.0;
2015;autumn;   172.3;   172.4;   181.3;   200.1;   188.4;   183.7;   241.7;   241.8;   251.6;   192.7;   281.6;   220.8;   190.7;   157.8;   165.9;   176.6;   203.9;
2016;autumn;   112.5;   112.9;   182.1;   193.9;   145.1;   114.7;   124.8;   124.3;   146.6;   132.7;   154.3;   157.8;   191.6;   129.1;   145.7;   167.4;   153.4;
1881;spring;   100.8;   100.8;   210.7;   236.4;   156.8;    64.7;   129.0;   128.5;   185.0;   175.3;    93.1;   186.5;   185.7;   115.9;   136.7;   162.9;   164.0;
1882;spring;   122.5;   122.5;   186.7;   170.1;   139.4;   109.8;   128.0;   128.1;   159.1;   155.6;   141.1;   170.5;   172.2;   121.7;   131.4;   143.6;   149.3;
1883;spring;    79.5;    79.4;   174.2;   139.1;    97.5;    73.3;    79.6;    79.4;    83.2;   100.1;    63.4;   113.9;   100.5;    84.4;    92.3;   102.2;   104.9;
1884;spring;   111.1;   111.0;   138.6;   122.6;   122.4;   101.7;   117.4;   117.3;   131.8;   125.8;   113.5;   125.6;   133.0;   113.2;   114.3;   115.7;   121.5;
1885;spring;   137.1;   137.0;   253.9;   190.7;   154.1;   134.2;   150.7;   150.9;   151.8;   178.3;   151.9;   211.3;   156.2;   140.8;   141.6;   142.5;   168.5;
1886;spring;   144.1;   144.2;   206.4;   162.4;   146.7;   115.9;   142.5;   142.5;   139.4;   140.5;   133.2;   163.4;   203.7;   139.5;   145.6;   153.3;   154.3;
1887;spring;   157.4;   157.5;   269.9;   235.3;   194.2;   141.3;   150.2;   149.9;   177.1;   208.4;   129.2;   242.2;   219.7;   151.9;   168.8;   190.2;   192.7;
1888;spring;   153.9;   153.9;   216.2;   219.3;   173.8;   161.3;   167.9;   168.0;   197.5;   176.9;   178.5;   209.8;   194.2;   156.9;   167.8;   181.3;   187.1;
1889;spring;   159.2;   159.1;   210.1;   205.5;   158.0;   124.5;   165.8;   165.7;   172.6;   155.4;   152.0;   173.9;   213.5;   168.1;   178.6;   191.7;   177.8;
1890;spring;   122.8;   122.8;   212.1;   161.2;   147.0;   131.3;   159.0;   158.9;   178.7;   161.8;   162.8;   190.9;   132.0;   122.8;   126.6;   131.4;   156.8;
1891;spring;   133.4;   133.8;   198.1;   189.4;   189.7;   144.1;   172.3;   172.5;   204.8;   179.2;   161.5;   212.7;   180.3;   152.6;   164.7;   179.9;   177.1;
1892;spring;    91.0;    91.4;   141.2;   140.8;    90.3;    91.6;   102.5;   102.2;   113.3;    90.4;   102.7;    78.7;   141.8;    93.9;   104.2;   117.2;   113.9;
1893;spring;    70.1;    70.4;    93.7;   126.8;    58.0;    64.4;    73.9;    73.4;    74.2;    53.9;    58.7;    46.9;   116.1;    74.2;    80.1;    87.6;    85.3;
1894;spring;   136.6;   137.2;   195.7;   214.9;    91.8;   106.8;    96.8;    96.9;   109.8;   117.6;   133.0;   131.6;   216.7;    84.5;    94.1;   106.1;   144.0;
1895;spring;   112.9;   112.9;   227.3;   261.7;   174.7;   111.3;   146.8;   146.1;   202.7;   175.4;   126.9;   203.0;   169.6;   117.9;   143.0;   174.4;   181.1;
1896;spring;   116.2;   116.5;   281.4;   303.6;   157.5;   132.2;   166.0;   165.9;   186.4;   159.3;   148.2;   173.4;   197.1;   148.1;   160.1;   175.4;   199.6;
1897;spring;   178.2;   178.5;   237.9;   267.3;   189.6;   178.5;   211.5;   211.8;   230.7;   188.2;   213.4;   200.0;   218.2;   158.3;   169.7;   184.1;   215.4;
1898;spring;   195.9;   196.2;   275.4;   244.3;   243.9;   206.8;   229.0;   229.5;   236.9;   202.9;   217.0;   220.3;   270.2;   202.2;   216.1;   233.7;   232.8;
1899;spring;   171.8;   171.9;   254.3;   234.2;   168.8;   115.5;   187.2;   186.0;   230.6;   178.0;   137.8;   193.9;   282.0;   182.8;   201.7;   225.6;   203.9;
1900;spring;   112.6;   112.7;   179.5;   217.5;   119.4;   106.9;    91.4;    91.3;   114.2;   111.2;    98.8;   106.0;   169.2;   105.4;   129.7;   160.3;   141.3;
1901;spring;   120.6;   121.1;   210.2;   184.4;   159.6;   127.6;   157.0;   157.7;   178.8;   173.2;   179.2;   236.9;   179.7;   114.6;   136.9;   165.0;   166.8;
1902;spring;   156.0;   154.6;   232.2;   220.2;   175.2;   177.9;   206.1;   206.3;   227.3;   174.3;   210.4;   183.0;   171.1;   145.9;   159.2;   175.9;   197.6;
1903;spring;   129.1;   129.4;   169.5;   152.2;   166.5;   128.1;   192.7;   192.1;   235.0;   176.8;   163.8;   196.2;   168.7;   126.5;   134.6;   144.7;   165.9;
1904;spring;   103.3;   103.1;   235.6;   200.2;   164.9;   107.9;   136.7;   136.9;   148.8;   160.2;   142.8;   173.4;   143.5;   100.6;   121.2;   147.0;   158.2;
1905;spring;   137.1;   137.7;   212.2;   206.8;   165.0;   127.7;   150.0;   149.4;   206.9;   168.2;   120.8;   184.0;   186.5;   140.3;   145.4;   151.9;   172.9;
1906;spring;   132.1;   132.3;   266.9;   232.6;   223.2;   128.0;   180.5;   180.6;   223.4;   220.3;   150.4;   225.3;   206.1;   158.1;   183.5;   215.4;   201.6;
1907;spring;    97.7;    98.1;   206.1;   202.5;   160.0;    90.3;   120.5;   120.2;   160.6;   171.0;   101.4;   199.1;   150.7;   101.2;   119.6;   142.8;   151.9;
1908;spring;   167.2;   166.4;   245.0;   193.8;   234.3;   150.9;   202.3;   202.0;   221.3;   237.7;   186.8;   268.2;   202.4;   190.7;   196.6;   204.1;   203.6;
1909;spring;   117.5;   117.4;   153.6;   139.8;   122.2;   135.0;   131.0;   130.8;   142.2;   117.5;   135.1;   139.3;   122.0;    98.9;   103.3;   108.9;   130.9;
1910;spring;    94.8;    94.4;   181.5;   192.3;   123.7;    97.8;   124.9;   125.0;   141.0;   107.4;   105.4;   119.6;   124.6;    82.4;    93.0;   106.3;   136.2;
1911;spring;    85.9;    86.1;   157.6;   166.7;   124.8;    91.4;   107.3;   107.5;   137.8;   149.1;   120.7;   157.4;   119.7;    68.6;    90.8;   118.7;   127.7;
1912;spring;   121.5;   121.6;   212.1;   236.6;   157.0;   131.7;   156.2;   156.6;   175.5;   139.7;   175.4;   178.0;   152.8;   125.0;   136.6;   151.2;   173.5;
1913;spring;    84.7;    85.4;   209.4;   189.8;   170.8;   100.4;   151.8;   151.1;   181.0;   160.3;   127.1;   205.8;   148.2;    99.6;   131.8;   172.2;   157.4;
1914;spring;   186.8;   186.4;   344.1;   298.1;   257.9;   200.7;   229.0;   228.8;   267.5;   231.6;   202.4;   296.8;   209.5;   172.9;   191.4;   214.7;   249.1;
1915;spring;   144.3;   144.3;   232.3;   196.2;   142.7;   122.2;   176.3;   175.8;   173.5;   146.2;   149.2;   153.1;   239.0;   148.0;   157.0;   168.2;   175.7;
1916;spring;    93.2;    93.5;   210.8;   181.7;   206.3;   111.3;   162.2;   162.0;   196.3;   164.6;   156.8;   177.9;   156.3;   111.3;   131.5;   156.8;   164.3;
1917;spring;    89.4;    89.7;   195.6;   194.5;   130.3;    94.8;   108.8;   108.7;   158.6;   148.5;   106.6;   186.9;   175.5;    97.2;   130.6;   172.7;   146.6;
1918;spring;    77.2;    77.7;   167.7;   134.2;   125.1;    75.1;    98.9;    99.1;   101.6;   154.7;    97.4;   192.2;   109.0;    98.5;   105.3;   113.9;   116.4;
1919;spring;   109.5;   109.5;   209.5;   214.1;   132.1;   117.2;   123.7;   123.3;   148.9;   154.8;   115.2;   177.2;   144.9;   106.9;   115.2;   125.6;   153.9;
1920;spring;   179.6;   179.9;   199.0;   220.4;   137.7;   187.0;   142.1;   142.7;   143.6;   136.2;   185.6;   199.6;   242.3;   127.1;   141.5;   159.5;   176.9;
1921;spring;   104.9;   104.4;   133.4;   135.9;    95.6;    84.5;    84.9;    85.2;    87.4;    75.7;    99.5;    92.8;   139.9;   111.9;   123.5;   138.0;   109.8;
1922;spring;   121.0;   121.0;   291.3;   226.6;   194.5;   122.3;   144.3;   144.0;   185.4;   221.3;   131.0;   260.0;   152.1;   146.7;   160.5;   177.9;   185.7;
1923;spring;   143.9;   143.5;   194.8;   166.3;   193.7;   110.0;   151.3;   150.8;   214.7;   189.5;   131.6;   219.7;   153.7;   158.3;   160.4;   163.0;   166.8;
1924;spring;   128.8;   128.6;   291.7;   251.2;   192.6;   179.1;   176.5;   177.1;   205.6;   209.8;   182.9;   258.9;   165.1;   137.5;   146.9;   158.8;   202.2;
1925;spring;   111.4;   111.5;   213.4;   185.8;   151.6;   113.5;   139.6;   139.6;   176.9;   164.4;   127.1;   192.0;   189.9;    98.8;   121.3;   149.5;   158.5;
1926;spring;    93.9;    94.2;   221.0;   205.2;   155.3;   110.8;   177.0;   176.6;   208.6;   174.0;   164.4;   204.7;   171.5;    98.4;   128.9;   167.3;   171.8;
1927;spring;   160.8;   160.9;   263.1;   238.9;   183.4;   150.1;   201.3;   201.5;   204.6;   181.1;   200.1;   224.7;   231.5;   157.0;   176.1;   200.0;   205.9;
1928;spring;   108.1;   107.7;   155.3;   174.4;   165.9;   121.8;   150.6;   150.5;   150.3;   165.7;   131.3;   160.1;   175.0;   128.8;   145.3;   166.0;   152.3;
1929;spring;    84.0;    84.2;   136.9;   131.3;    80.5;   107.0;    85.3;    85.2;    89.4;    90.0;    81.2;    86.4;   121.3;    80.0;    90.6;   103.9;   103.7;
1930;spring;   137.8;   137.9;   295.6;   279.2;   180.5;   127.1;   149.3;   148.9;   178.4;   189.0;   135.4;   228.6;   236.3;   158.0;   173.6;   193.1;   201.6;
1931;spring;   125.1;   124.8;   283.7;   183.9;   153.1;   132.5;   151.6;   152.2;   179.0;   158.5;   139.2;   168.5;   131.8;   113.5;   120.9;   130.1;   166.6;
1932;spring;   146.7;   147.3;   237.9;   210.8;   185.2;   156.5;   191.3;   190.9;   212.7;   203.5;   163.6;   227.5;   182.0;   140.7;   155.7;   174.5;   191.3;
1933;spring;    93.0;    93.3;   234.4;   218.5;   127.7;   106.6;   111.3;   111.3;   143.9;   152.3;   125.7;   182.9;   139.8;   102.1;   112.6;   125.7;   152.6;
1934;spring;    91.0;    90.6;   114.3;   110.4;   109.1;    92.8;   118.3;   118.0;   147.8;   116.0;   126.1;   151.4;    94.5;    63.7;    73.8;    86.5;   109.4;
1935;spring;   131.8;   131.4;   269.1;   264.3;   188.7;   124.0;   156.6;   156.3;   197.1;   198.4;   156.5;   193.3;   198.2;   130.5;   155.1;   186.0;   195.6;
1936;spring;   108.2;   108.4;   184.0;   194.4;   146.9;   146.2;   164.0;   163.7;   189.9;   169.9;   162.3;   186.9;   171.2;   127.2;   146.6;   171.0;   166.7;
1937;spring;   171.7;   171.9;   258.5;   216.5;   172.2;   201.9;   189.1;   189.6;   211.4;   216.4;   228.1;   286.7;   195.1;   192.0;   190.0;   187.4;   206.7;
1938;spring;   107.1;   107.0;   146.7;   181.2;   137.4;   111.7;   109.2;   109.5;   129.2;   109.7;   102.7;   100.7;   156.0;   106.9;   125.2;   148.3;   134.8;
1939;spring;   169.2;   169.4;   338.7;   254.4;   195.3;   160.5;   175.1;   175.3;   186.2;   188.3;   145.3;   198.8;   191.7;   175.0;   186.2;   200.3;   210.1;
1940;spring;   132.5;   132.8;   245.5;   268.3;   177.5;   151.2;   181.8;   181.9;   212.5;   203.6;   165.3;   216.3;   188.5;   137.0;   146.2;   157.8;   199.7;
1941;spring;   137.0;   137.3;   254.6;   241.3;   172.4;   106.5;   128.3;   128.1;   164.2;   172.2;   106.3;   201.7;   305.0;   157.6;   187.6;   225.4;   186.2;
1942;spring;    78.5;    78.5;   222.5;   180.5;   145.4;    99.8;   112.7;   112.5;   139.8;   161.0;   104.1;   165.6;   104.3;    83.6;   103.8;   129.3;   139.5;
1943;spring;    70.4;    70.5;   171.9;   165.8;   137.4;    72.3;   113.4;   113.0;   160.0;   163.5;    99.8;   196.7;   103.6;    85.7;    95.4;   107.5;   129.9;
1944;spring;   123.7;   124.0;   135.5;   202.5;    98.0;   144.8;   143.2;   143.0;   142.2;    78.4;   126.4;    74.9;   192.2;   116.5;   131.8;   151.0;   146.6;
1945;spring;   118.2;   118.5;   186.2;   206.7;   156.9;   123.1;   158.2;   158.0;   200.8;   171.8;   159.5;   165.4;   162.5;   109.4;   130.3;   156.5;   167.3;
1946;spring;   104.5;   104.7;   154.4;   124.1;   157.7;   106.7;   125.3;   125.6;   125.0;   164.0;   134.7;   173.4;   108.8;    89.4;   105.3;   125.3;   126.9;
1947;spring;   117.6;   117.5;   231.0;   180.7;   197.3;   152.1;   152.3;   152.9;   211.9;   204.5;   180.1;   224.2;   135.7;   101.4;   128.1;   161.6;   172.6;
1948;spring;    84.1;    84.3;   143.2;   148.0;   145.3;   104.9;   127.3;   127.0;   164.2;   151.7;   104.4;   176.5;   122.8;    78.9;    92.1;   108.7;   129.5;
1949;spring;   159.0;   159.6;   231.8;   256.1;   171.4;   167.7;   204.7;   205.2;   194.5;   173.4;   211.6;   150.1;   226.1;   134.4;   158.1;   187.9;   203.2;
1950;spring;   157.1;   156.7;   192.0;   161.0;   182.9;   148.1;   188.1;   188.4;   194.2;   188.3;   162.2;   199.0;   179.3;   186.7;   191.7;   198.0;   177.2;
1951;spring;   141.5;   141.5;   179.7;   158.8;   168.1;   171.3;   208.1;   208.4;   238.8;   204.1;   231.1;   226.9;   133.4;   124.8;   127.2;   130.1;   176.9;
1952;spring;    94.4;    94.6;   238.4;   235.0;   149.7;   108.1;   132.9;   132.3;   121.5;   143.3;   115.7;   163.8;   165.9;   130.3;   157.7;   192.1;   163.2;
1953;spring;    75.6;    76.1;   140.4;   142.8;   101.1;   103.9;   128.9;   128.9;   123.9;    92.4;   160.7;    77.8;   118.6;    82.7;    85.0;    88.0;   118.7;
1954;spring;    98.5;    98.7;   160.1;   191.3;   117.0;    88.0;   118.9;   119.1;   142.7;   127.9;   112.3;   116.7;   156.4;    96.5;   107.3;   120.8;   137.0;
1955;spring;   113.8;   114.1;   176.6;   191.3;   143.5;   124.4;   155.6;   155.4;   175.7;   128.2;   153.8;   156.1;   157.6;   112.4;   122.7;   135.6;   155.8;
1956;spring;   145.0;   144.7;   230.6;   197.1;   153.2;   113.4;   119.6;   119.3;   163.9;   176.6;    85.4;   221.1;   190.9;   145.6;   155.9;   168.9;   164.2;
1957;spring;   100.7;   101.1;   137.6;   168.4;   138.5;   110.6;   135.3;   135.1;   156.7;   127.4;   108.6;   139.0;   156.3;   115.7;   121.9;   129.7;   138.0;
1958;spring;   130.0;   130.0;   198.0;   186.2;   197.3;   156.8;   157.0;   157.0;   206.5;   201.1;   145.2;   271.6;   174.4;   142.1;   159.2;   180.8;   175.8;
1959;spring;   105.7;   105.6;   189.0;   184.5;   120.7;    85.8;    84.0;    84.1;   118.0;   147.8;    92.3;   187.4;   168.7;    91.7;    99.2;   108.7;   132.8;
1960;spring;    81.9;    82.3;   183.2;   184.2;   154.7;    91.0;   126.6;   126.4;   159.0;   135.7;    83.5;   137.0;   152.6;   100.5;   119.0;   142.3;   141.8;
1961;spring;   207.2;   206.4;   250.3;   258.4;   223.5;   153.3;   230.2;   229.4;   247.5;   159.4;   144.1;   178.8;   270.7;   230.2;   249.1;   272.9;   228.2;
1962;spring;   111.0;   111.5;   246.3;   246.2;   189.7;   139.9;   169.4;   169.4;   219.0;   189.8;   169.5;   239.5;   154.3;   117.1;   135.4;   158.4;   189.0;
1963;spring;    99.3;    99.1;   195.4;   190.3;   133.0;   104.9;   125.3;   125.1;   160.6;   142.1;   132.5;   199.7;   135.5;    89.5;   102.9;   119.8;   145.6;
1964;spring;   122.0;   121.8;   249.3;   231.7;   135.0;   132.1;   137.5;   137.5;   139.0;   144.8;   114.0;   149.0;   125.5;   119.5;   128.9;   140.7;   164.0;
1965;spring;   183.0;   183.3;   377.7;   346.8;   234.1;   175.4;   221.4;   220.7;   255.1;   229.9;   163.9;   283.4;   283.7;   167.9;   183.8;   203.9;   257.8;
1966;spring;   120.8;   120.9;   265.0;   287.6;   220.4;   160.1;   190.2;   189.9;   254.7;   206.3;   190.3;   217.7;   178.7;   137.2;   165.8;   201.8;   215.3;
1967;spring;   128.6;   128.6;   244.5;   241.9;   231.5;   145.3;   218.0;   217.5;   241.5;   211.3;   188.1;   247.0;   178.3;   144.1;   166.2;   194.1;   207.4;
1968;spring;   126.2;   126.3;   271.4;   186.0;   178.3;   139.9;   143.3;   143.6;   156.7;   157.5;   150.5;   190.4;   151.6;   113.1;   136.5;   165.9;   167.6;
1969;spring;   161.3;   160.9;   248.6;   191.3;   212.5;   129.1;   209.8;   209.8;   224.7;   207.7;   166.0;   271.5;   199.8;   182.4;   202.9;   228.7;   199.6;
1970;spring;   186.0;   186.0;   313.4;   280.3;   216.6;   221.1;   208.7;   208.8;   246.2;   244.6;   199.9;   326.2;   242.7;   171.2;   191.4;   216.7;   239.1;
1971;spring;   106.8;   106.6;   149.9;   187.4;   158.4;   106.7;    74.1;    73.8;   131.4;   138.0;    77.6;   132.8;   124.0;   102.1;   118.0;   138.0;   130.9;
1972;spring;   165.0;   165.1;   224.8;   209.2;   208.0;   178.1;   193.9;   194.1;   226.8;   193.2;   198.0;   211.2;   176.2;   151.7;   172.4;   198.4;   197.8;
1973;spring;   132.5;   132.3;   195.4;   177.9;   138.5;   108.4;   152.7;   152.6;   190.4;   138.0;   154.3;   162.5;   176.7;   109.5;   121.9;   137.6;   157.6;
1974;spring;    87.1;    87.0;   158.8;   162.2;   130.0;    57.0;   102.2;   102.1;   145.3;   127.9;    74.1;   154.9;   142.6;    89.5;   105.0;   124.4;   124.4;
1975;spring;    96.7;    96.9;   180.0;   180.3;   166.6;   136.7;   200.2;   200.3;   187.5;   168.3;   153.9;   184.3;   147.5;   146.0;   159.0;   175.3;   167.4;
1976;spring;    69.1;    69.4;   133.2;   143.3;    78.5;   103.7;    99.3;    98.9;   101.6;    78.0;    95.8;    86.3;    87.8;    74.4;    82.6;    92.9;   104.5;
1977;spring;   158.5;   158.4;   182.5;   183.1;   131.0;   145.4;   156.3;   156.4;   178.1;   135.7;   165.9;   153.5;   168.7;   171.2;   165.4;   158.0;   165.6;
1978;spring;   106.8;   106.9;   329.4;   255.2;   226.0;    99.9;   153.9;   153.9;   221.4;   276.6;   154.8;   300.8;   194.4;   114.5;   134.8;   160.3;   203.1;
1979;spring;   143.4;   143.2;   265.2;   260.3;   236.7;   157.0;   212.9;   212.6;   269.5;   265.2;   211.7;   349.3;   175.9;   166.9;   182.0;   201.1;   223.8;
1980;spring;   127.2;   127.1;   216.1;   240.0;   167.2;   108.6;   128.8;   128.2;   167.2;   161.4;    85.8;   180.7;   187.7;   136.9;   153.7;   174.9;   170.2;
1981;spring;   175.5;   175.4;   236.0;   209.3;   249.1;   183.7;   228.6;   228.9;   245.7;   225.2;   213.3;   254.4;   224.2;   177.7;   198.7;   225.1;   217.1;
1982;spring;   119.0;   119.1;   184.2;   145.3;   186.9;   128.7;   163.2;   163.1;   197.0;   174.1;   154.8;   167.8;   136.1;   100.6;   118.3;   140.5;   154.8;
1983;spring;   202.4;   202.2;   403.3;   268.6;   301.1;   249.6;   268.0;   267.6;   302.7;   334.8;   271.9;   418.0;   196.4;   221.1;   242.3;   268.9;   279.0;
1984;spring;   123.3;   123.1;   214.3;   190.1;   243.5;   106.3;   162.6;   161.7;   237.1;   232.4;   106.4;   254.0;   133.2;   146.3;   168.9;   197.4;   179.3;
1985;spring;   119.2;   119.7;   279.2;   236.4;   190.5;   129.6;   151.9;   151.9;   208.5;   193.9;   153.4;   212.5;   153.2;   127.6;   137.8;   150.7;   186.5;
1986;spring;   179.3;   179.2;   308.0;   268.8;   231.8;   145.7;   160.9;   160.4;   245.6;   240.7;   148.0;   279.2;   221.3;   183.9;   203.6;   228.4;   222.4;
1987;spring;   128.1;   128.2;   270.3;   266.2;   220.8;   106.2;   161.8;   161.5;   237.9;   194.4;   156.8;   218.0;   175.9;   108.8;   143.7;   187.5;   198.7;
1988;spring;    88.2;    88.3;   343.9;   287.2;   204.9;   101.4;   164.2;   164.2;   204.5;   230.4;   168.0;   266.5;   143.0;    98.5;   129.1;   167.5;   202.5;
1989;spring;    86.0;    86.1;   222.0;   197.0;   182.9;    82.4;   131.1;   131.5;   186.1;   224.8;   151.5;   268.1;   134.2;    78.9;   113.5;   157.0;   160.2;
1990;spring;    71.9;    71.8;   144.6;   155.2;   100.1;    90.2;   119.2;   119.8;   118.0;   100.3;   138.5;    91.5;   105.8;    69.6;    80.9;    95.1;   116.9;
1991;spring;   114.5;   114.3;   152.2;   165.2;    94.3;    92.0;    84.8;    85.1;   104.5;   104.3;   106.8;    95.8;   126.8;    88.8;    90.9;    93.5;   118.2;
1992;spring;   141.5;   141.6;   213.6;   197.0;   170.0;   156.3;   193.8;   194.3;   204.4;   166.7;   187.8;   176.4;   153.2;   134.8;   146.1;   160.3;   180.4;
1993;spring;    99.5;    99.3;   158.2;   153.3;   125.1;    97.0;   128.1;   127.7;   157.9;   147.4;    85.4;   156.9;   129.9;   114.1;   117.8;   122.5;   132.9;
1994;spring;   221.4;   221.2;   337.4;   285.4;   252.9;   190.6;   248.3;   247.8;   272.4;   220.1;   214.9;   241.9;   263.4;   256.5;   262.2;   269.4;   260.5;
1995;spring;   146.6;   146.5;   317.4;   271.4;   224.0;   144.9;   188.6;   188.5;   208.2;   235.5;   168.7;   289.9;   225.1;   143.9;   178.4;   221.9;   219.1;
1996;spring;   121.2;   120.8;   192.2;   189.1;   121.8;   121.0;    99.3;    99.2;   103.8;   120.0;    93.0;   113.3;   149.7;   107.9;   124.1;   144.4;   137.8;
1997;spring;   126.4;   126.4;   155.1;   177.3;   130.4;   150.3;   168.5;   168.6;   182.6;   140.3;   173.8;   151.4;   171.4;   118.9;   129.6;   143.1;   158.1;
1998;spring;   133.0;   133.0;   212.2;   179.1;   204.3;   157.6;   209.3;   208.8;   266.6;   216.3;   190.1;   259.0;   148.7;   132.4;   147.2;   165.8;   189.4;
1999;spring;   131.6;   131.9;   286.3;   275.8;   171.6;   153.6;   152.5;   151.8;   217.5;   176.3;   148.1;   210.4;   154.3;   129.9;   146.4;   167.2;   197.4;
2000;spring;   141.1;   140.8;   265.3;   287.5;   163.4;   123.4;   183.5;   183.2;   196.6;   204.1;   161.2;   221.2;   236.8;   145.7;   168.4;   197.0;   206.9;
2001;spring;   137.2;   137.8;   350.9;   293.7;   211.7;   134.8;   167.7;   167.6;   226.7;   239.3;   159.9;   293.6;   201.1;   139.2;   166.4;   200.5;   223.1;
2002;spring;   150.3;   150.3;   288.8;   238.1;   203.7;   160.5;   170.1;   170.2;   186.0;   183.6;   164.0;   181.8;   152.0;   139.6;   156.8;   178.4;   196.0;
2003;spring;    66.6;    66.3;   155.6;   141.0;   133.5;    89.9;   139.7;   140.2;   164.0;   138.5;   164.4;   146.7;   101.3;    78.9;    98.4;   123.0;   130.0;
2004;spring;    93.0;    93.5;   166.1;   182.1;   166.0;   108.0;   133.3;   133.0;   177.5;   146.9;   109.7;   158.6;   167.6;   116.5;   142.2;   174.6;   150.0;
2005;spring;   119.3;   119.1;   259.3;   232.3;   205.7;   130.5;   169.5;   169.2;   209.3;   191.1;   156.9;   180.1;   131.0;   125.8;   136.4;   149.6;   185.5;
2006;spring;   133.6;   133.4;   346.7;   330.9;   246.0;   160.5;   209.7;   209.7;   271.8;   229.1;   210.9;   261.1;   189.2;   155.4;   193.1;   240.3;   244.8;
2007;spring;   180.5;   179.8;   245.9;   233.9;   197.4;   145.7;   191.1;   190.5;   210.0;   168.6;   148.9;   197.0;   166.9;   179.9;   185.5;   192.6;   198.4;
2008;spring;   151.3;   151.5;   266.4;   249.8;   198.1;   147.4;   157.5;   157.3;   207.6;   208.4;   140.6;   234.6;   184.1;   147.2;   162.7;   182.3;   197.3;
2009;spring;   125.6;   125.3;   253.5;   250.5;   181.8;   114.1;   142.1;   142.0;   178.1;   182.2;   132.3;   164.5;   188.8;   139.1;   164.8;   197.1;   184.0;
2010;spring;   157.8;   158.3;   205.1;   207.2;   169.1;   154.6;   156.2;   156.7;   152.2;   168.5;   156.0;   193.0;   186.5;   179.0;   175.9;   172.0;   176.3;
2011;spring;    80.7;    80.9;   104.2;   142.8;    58.5;    90.1;    65.4;    65.2;    69.5;    61.4;    69.0;    59.5;   105.4;    62.2;    66.1;    71.0;    89.5;
2012;spring;    76.8;    76.9;   143.6;   138.8;   119.7;    63.7;    98.1;    97.9;   120.2;   130.9;    94.5;   160.9;    98.1;    74.4;    81.4;    90.2;   110.5;
2013;spring;   142.2;   142.4;   267.0;   245.4;   225.6;   132.9;   169.9;   170.0;   155.8;   223.4;   150.1;   293.4;   204.8;   184.9;   216.1;   256.9;   201.5;
2014;spring;   134.0;   134.0;   140.6;   177.9;   148.5;   101.0;   170.4;   170.4;   163.9;   107.9;   165.1;   102.2;   172.1;   133.2;   134.2;   135.4;   151.4;
2015;spring;    90.1;    90.4;   208.3;   212.7;   108.5;   123.6;   141.3;   141.5;   143.2;   109.3;   162.9;   134.8;   118.1;    93.0;    99.8;   108.7;   148.6;
2016;spring;    93.1;    93.3;   277.4;   217.6;   179.6;    85.9;   129.9;   130.0;   156.6;   222.2;   125.0;   267.7;   132.8;   101.8;   117.8;   138.6;   166.5;
2017;spring;   114.0;   114.3;   208.5;   218.6;   144.3;   153.3;   138.3;   139.0;   132.3;   113.3;   161.7;   132.3;   132.8;   114.1;   124.3;   137.6;   157.9;
1881;summer;   208.0;   207.8;   284.6;   285.1;   203.6;   193.2;   223.0;   223.3;   250.6;   206.2;   258.9;   210.1;   292.7;   206.6;   218.3;   233.1;   243.5;
1882;summer;   291.6;   291.2;   401.0;   404.9;   397.5;   250.0;   331.6;   330.5;   408.3;   361.0;   292.0;   372.5;   384.5;   297.5;   324.0;   357.2;   357.5;
1883;summer;   171.0;   171.1;   279.1;   304.8;   192.7;   183.3;   197.7;   197.5;   235.6;   206.7;   203.8;   219.6;   244.2;   151.7;   166.7;   185.7;   227.4;
1884;summer;   205.0;   204.7;   262.3;   320.6;   217.8;   182.3;   221.5;   220.7;   229.3;   197.8;   181.9;   197.7;   247.4;   201.8;   209.7;   219.7;   238.5;
1885;summer;   185.3;   185.2;   245.5;   226.3;   182.6;   170.7;   181.9;   181.2;   188.4;   212.3;   155.1;   216.2;   213.3;   178.5;   181.2;   184.5;   199.6;
1886;summer;   159.0;   158.7;   357.6;   376.9;   230.8;   128.5;   190.6;   190.2;   236.7;   222.5;   161.9;   207.0;   238.0;   162.5;   186.7;   217.2;   246.9;
1887;summer;   141.1;   141.0;   210.0;   202.4;   154.8;   125.5;   155.8;   155.3;   148.6;   149.3;   134.1;   183.7;   180.6;   145.6;   149.6;   154.5;   166.0;
1888;summer;   166.4;   166.4;   390.0;   384.4;   298.3;   231.2;   273.1;   273.8;   308.3;   328.0;   328.1;   349.7;   232.8;   154.4;   192.7;   240.9;   295.6;
1889;summer;   169.8;   169.6;   334.0;   332.1;   209.6;   201.6;   227.5;   227.8;   268.6;   228.8;   241.1;   237.9;   218.4;   162.2;   183.6;   210.5;   250.9;
1890;summer;   238.8;   238.7;   343.5;   419.7;   250.8;   239.1;   279.9;   281.0;   293.0;   249.6;   303.0;   242.3;   319.5;   225.0;   242.0;   263.5;   304.6;
1891;summer;   265.3;   265.5;   331.8;   350.7;   265.8;   258.7;   314.1;   314.1;   318.1;   280.5;   311.1;   268.0;   332.8;   274.4;   278.3;   283.3;   307.8;
1892;summer;   126.4;   126.4;   246.3;   309.1;   149.1;   171.7;   172.8;   172.5;   176.9;   163.2;   185.5;   155.4;   149.8;   124.3;   134.7;   147.8;   196.8;
1893;summer;   141.5;   141.8;   209.6;   262.9;   199.4;   135.1;   156.1;   156.2;   174.9;   179.4;   167.9;   185.1;   187.1;   140.6;   157.4;   178.6;   188.1;
1894;summer;   237.1;   237.1;   282.2;   336.7;   288.7;   223.9;   313.2;   312.7;   337.4;   216.8;   285.8;   193.1;   311.7;   250.9;   271.6;   297.6;   291.3;
1895;summer;   158.1;   158.4;   267.8;   296.9;   173.1;   198.5;   264.7;   265.0;   241.4;   193.4;   256.8;   218.2;   198.0;   194.5;   185.2;   173.6;   234.1;
1896;summer;   237.7;   237.4;   356.1;   402.8;   282.0;   233.0;   278.5;   278.0;   284.1;   269.9;   223.0;   263.3;   321.9;   257.8;   286.2;   322.0;   305.0;
1897;summer;   188.1;   188.4;   304.0;   386.9;   198.2;   171.4;   178.5;   178.7;   227.3;   222.7;   208.6;   265.4;   315.8;   180.4;   197.5;   219.1;   252.2;
1898;summer;   169.3;   169.2;   271.6;   282.3;   222.9;   181.3;   211.8;   211.4;   255.9;   242.0;   188.0;   199.3;   207.3;   169.5;   192.1;   220.6;   229.2;
1899;summer;   175.7;   176.4;   202.7;   221.0;   188.8;   144.8;   133.8;   133.3;   154.3;   162.3;   144.0;   153.3;   257.0;   176.3;   193.4;   214.8;   182.0;
1900;summer;   198.8;   198.9;   272.7;   248.0;   269.9;   196.4;   283.7;   283.0;   314.1;   235.3;   243.3;   177.6;   238.7;   214.5;   230.3;   250.1;   251.5;
1901;summer;   153.6;   154.2;   340.0;   327.8;   204.2;   162.0;   170.7;   170.6;   160.4;   211.0;   201.4;   208.4;   224.5;   142.7;   188.0;   245.0;   226.5;
1902;summer;   218.7;   219.3;   263.7;   284.3;   184.7;   194.2;   228.5;   228.6;   235.4;   168.7;   256.6;   184.3;   273.2;   222.9;   229.3;   237.3;   238.4;
1903;summer;   160.1;   160.6;   316.2;   311.0;   241.3;   210.9;   281.9;   282.2;   268.1;   245.9;   291.8;   270.0;   197.3;   160.0;   180.6;   206.6;   256.3;
1904;summer;    76.8;    76.4;   174.2;   171.9;   135.6;   103.5;   117.9;   118.0;   135.1;   167.5;   141.1;   173.0;    87.5;    85.6;    94.7;   106.2;   133.0;
1905;summer;   302.6;   304.0;   277.7;   275.0;   225.4;   241.3;   264.7;   263.8;   305.0;   238.6;   196.9;   214.8;   330.6;   262.7;   255.9;   247.3;   269.2;
1906;summer;   193.8;   194.6;   295.4;   339.2;   227.9;   162.7;   217.7;   217.1;   243.4;   200.2;   172.4;   216.5;   258.4;   223.3;   229.5;   237.2;   247.5;
1907;summer;   302.9;   302.7;   209.1;   277.1;   208.8;   286.5;   231.6;   231.2;   250.9;   180.2;   225.0;   173.8;   335.3;   271.1;   253.8;   232.1;   252.9;
1908;summer;   153.3;   154.0;   271.3;   296.5;   234.5;   203.2;   222.8;   223.0;   259.0;   263.5;   279.1;   276.9;   237.4;   168.2;   197.9;   235.3;   242.8;
1909;summer;   187.1;   187.0;   327.1;   356.4;   210.9;   194.8;   245.5;   245.2;   261.1;   217.3;   219.4;   251.3;   240.9;   194.1;   200.0;   207.5;   259.6;
1910;summer;   257.1;   256.7;   429.9;   400.8;   291.3;   262.7;   298.6;   299.2;   320.0;   315.5;   327.1;   358.7;   333.2;   233.4;   257.5;   287.7;   328.3;
1911;summer;    89.5;    89.9;   170.4;   163.9;    94.9;   105.2;   110.8;   111.1;   111.9;   119.1;   138.7;   142.2;   108.9;    82.1;    87.2;    93.7;   123.9;
1912;summer;   202.1;   203.2;   379.9;   389.9;   265.9;   232.2;   282.6;   281.8;   284.0;   224.4;   230.2;   271.7;   350.1;   222.5;   241.9;   266.3;   296.7;
1913;summer;   154.7;   154.8;   302.5;   353.7;   207.5;   157.1;   200.6;   200.4;   230.4;   209.6;   175.7;   187.8;   276.5;   146.4;   169.1;   197.7;   238.2;
1914;summer;   188.7;   188.1;   361.6;   312.3;   250.8;   194.6;   236.6;   236.7;   259.1;   265.3;   276.3;   247.6;   207.4;   197.1;   224.8;   259.7;   261.3;
1915;summer;   178.0;   178.0;   262.5;   284.4;   181.3;   164.6;   220.1;   220.7;   257.9;   185.5;   252.0;   194.1;   198.2;   169.4;   181.8;   197.4;   225.9;
1916;summer;   227.5;   227.7;   326.2;   349.8;   257.1;   215.4;   237.3;   236.9;   246.7;   233.0;   234.0;   252.9;   293.3;   184.4;   203.4;   227.2;   267.7;
1917;summer;   160.4;   161.4;   347.1;   295.5;   256.4;   149.0;   241.1;   240.2;   289.1;   275.9;   222.0;   288.9;   204.0;   185.2;   200.7;   220.1;   250.7;
1918;summer;   224.7;   224.8;   228.5;   301.2;   189.9;   234.3;   235.5;   236.7;   242.6;   166.9;   247.5;   166.5;   309.4;   206.7;   207.3;   208.0;   242.9;
1919;summer;   150.3;   150.7;   233.8;   262.5;   166.1;   166.3;   164.0;   164.0;   199.4;   171.7;   193.1;   189.8;   237.5;   107.6;   130.0;   158.2;   195.8;
1920;summer;   203.4;   203.3;   236.0;   283.4;   175.6;   215.8;   224.6;   224.6;   236.9;   170.6;   239.5;   165.9;   277.7;   174.0;   179.5;   186.5;   229.3;
1921;summer;   123.1;   122.8;   210.7;   241.8;   130.4;   138.0;   150.6;   150.8;   134.4;   106.3;   136.2;    88.3;   227.4;   129.3;   151.2;   178.8;   169.9;
1922;summer;   238.5;   238.2;   353.2;   366.5;   253.4;   315.3;   211.4;   211.7;   216.9;   255.7;   239.6;   254.3;   276.4;   179.4;   203.8;   234.4;   275.6;
1923;summer;   170.7;   170.7;   170.4;   226.3;   178.0;   194.1;   235.8;   236.3;   217.7;   152.9;   259.3;   168.2;   230.8;   165.4;   170.8;   177.5;   203.4;
1924;summer;   198.7;   199.5;   391.3;   440.3;   343.6;   208.2;   279.2;   278.6;   356.6;   287.1;   258.3;   259.7;   318.5;   239.5;   261.1;   288.2;   322.2;
1925;summer;   168.5;   168.5;   264.8;   327.8;   220.8;   115.8;   168.8;   168.7;   183.7;   198.8;   194.4;   216.5;   283.7;   156.1;   183.5;   217.9;   222.2;
1926;summer;   330.7;   331.0;   339.4;   442.4;   250.4;   269.7;   264.1;   264.2;   242.4;   205.7;   253.6;   197.9;   491.9;   297.8;   303.7;   311.2;   322.7;
1927;summer;   351.4;   351.6;   386.7;   363.8;   293.1;   372.3;   358.3;   358.3;   343.4;   310.6;   366.0;   319.9;   350.3;   313.6;   311.4;   308.6;   349.8;
1928;summer;   161.3;   161.9;   219.1;   267.1;   178.4;   228.5;   212.9;   213.0;   245.7;   167.0;   210.6;   156.9;   174.5;   145.8;   147.3;   149.2;   210.7;
1929;summer;   137.4;   137.1;   269.0;   283.0;   160.5;   132.3;   149.7;   149.4;   161.7;   178.4;   161.5;   221.7;   175.4;   119.5;   130.4;   144.1;   190.2;
1930;summer;   271.8;   270.7;   348.7;   317.7;   235.4;   269.7;   210.2;   211.0;   257.3;   263.6;   251.2;   271.5;   271.7;   193.2;   201.0;   210.8;   268.5;
1931;summer;   252.3;   251.9;   435.1;   400.2;   318.1;   282.4;   334.2;   334.9;   308.7;   324.9;   374.0;   339.0;   292.1;   240.9;   267.7;   301.4;   336.5;
1932;summer;   173.5;   174.2;   285.1;   304.7;   183.3;   152.3;   174.5;   175.0;   152.7;   213.5;   152.2;   212.9;   295.0;   171.0;   185.1;   202.9;   217.7;
1933;summer;   204.5;   204.4;   280.5;   328.7;   285.9;   177.3;   248.7;   248.5;   251.5;   204.6;   231.8;   151.8;   299.9;   190.9;   228.9;   276.8;   259.0;
1934;summer;   170.0;   169.5;   288.2;   304.3;   178.3;   145.0;   141.4;   141.1;   199.9;   200.9;   132.4;   226.8;   217.6;   153.6;   164.6;   178.5;   209.4;
1935;summer;   187.7;   187.6;   224.8;   220.2;   199.7;   226.5;   204.4;   205.7;   181.1;   161.3;   216.2;   166.5;   182.8;   181.0;   185.8;   191.9;   202.5;
1936;summer;   142.6;   143.1;   388.2;   407.0;   282.3;   164.9;   202.1;   202.2;   247.0;   292.4;   197.3;   309.4;   198.7;   149.3;   185.4;   230.9;   267.1;
1937;summer;   219.9;   220.7;   235.6;   293.1;   171.9;   206.4;   226.5;   226.6;   187.7;   144.2;   259.1;   144.4;   298.7;   259.0;   244.9;   227.1;   234.3;
1938;summer;   179.3;   179.1;   417.2;   336.5;   215.8;   136.5;   188.4;   188.0;   229.1;   235.9;   175.7;   230.5;   232.2;   137.5;   157.1;   181.7;   244.0;
1939;summer;   226.7;   226.8;   308.2;   291.6;   205.1;   210.8;   233.4;   233.4;   202.8;   189.9;   240.7;   226.2;   289.4;   199.1;   211.3;   226.6;   244.7;
1940;summer;   208.3;   208.3;   378.2;   366.7;   255.0;   212.8;   253.2;   252.8;   248.2;   255.2;   220.0;   278.4;   304.2;   198.3;   241.6;   296.1;   282.0;
1941;summer;   213.6;   213.2;   342.0;   387.7;   281.7;   228.3;   226.8;   226.8;   262.7;   280.5;   231.6;   311.2;   276.2;   215.8;   238.2;   266.4;   283.7;
1942;summer;   180.5;   180.5;   279.0;   276.6;   218.1;   208.2;   235.9;   235.9;   237.4;   214.1;   216.3;   222.7;   190.0;   179.8;   189.3;   201.2;   231.9;
1943;summer;   157.2;   157.6;   245.9;   288.9;   212.2;   211.6;   238.9;   239.4;   240.2;   213.9;   267.0;   223.3;   193.5;   186.6;   200.5;   218.0;   233.0;
1944;summer;   141.7;   142.1;   285.7;   354.5;   243.1;   150.8;   197.0;   196.6;   288.6;   214.6;   168.5;   190.5;   196.7;   149.5;   186.0;   232.0;   239.7;
1945;summer;   201.1;   200.7;   343.4;   294.1;   286.0;   208.1;   275.4;   275.8;   300.5;   267.8;   278.7;   294.2;   274.6;   245.6;   270.0;   300.6;   277.7;
1946;summer;   252.7;   253.9;   357.0;   368.3;   208.0;   321.9;   207.0;   206.6;   231.5;   217.4;   309.5;   233.3;   318.5;   211.7;   222.5;   236.1;   280.7;
1947;summer;   153.3;   152.4;   175.8;   189.7;   129.3;   170.6;   156.7;   156.1;   142.3;   131.6;   142.5;   167.0;   131.0;   124.7;   136.4;   151.1;   157.6;
1948;summer;   261.5;   260.9;   386.0;   421.1;   298.3;   258.9;   277.5;   278.6;   320.6;   296.9;   302.4;   318.8;   300.3;   228.9;   238.2;   249.9;   319.9;
1949;summer;   155.2;   155.2;   127.7;   208.3;   129.5;   157.5;   165.5;   165.8;   184.6;   115.0;   169.9;   104.4;   225.1;   146.6;   151.1;   156.8;   167.5;
1950;summer;   170.5;   170.5;   308.3;   281.5;   261.0;   236.0;   213.6;   213.4;   222.4;   269.1;   242.5;   291.6;   195.6;   167.7;   190.7;   219.7;   239.9;
1951;summer;   161.5;   161.8;   335.0;   327.8;   216.0;   160.3;   203.6;   204.0;   237.8;   230.8;   233.1;   254.8;   199.2;   194.1;   213.6;   238.2;   243.4;
1952;summer;   160.0;   160.3;   156.4;   184.2;   145.4;   184.7;   227.8;   228.4;   250.5;   164.8;   249.0;   153.6;   153.2;   147.9;   140.2;   130.6;   185.0;
1953;summer;   231.8;   230.3;   347.3;   332.3;   237.2;   216.6;   240.1;   240.4;   294.3;   234.9;   298.2;   260.3;   242.9;   212.6;   224.1;   238.5;   273.2;
1954;summer;   299.4;   299.2;   349.6;   432.9;   256.2;   265.3;   343.7;   344.0;   367.1;   261.0;   368.9;   268.6;   432.0;   296.8;   297.1;   297.4;   346.3;
1955;summer;   240.4;   241.1;   316.7;   366.3;   252.5;   242.0;   231.7;   231.3;   219.8;   223.4;   183.9;   196.9;   345.5;   301.8;   297.4;   291.9;   278.6;
1956;summer;   247.6;   247.7;   378.2;   417.7;   394.2;   230.6;   344.7;   343.2;   384.2;   290.6;   267.3;   284.0;   329.8;   311.7;   349.2;   396.3;   346.3;
1957;summer;   202.4;   202.6;   354.9;   386.7;   224.6;   189.1;   248.0;   247.7;   271.7;   233.3;   242.7;   256.4;   318.8;   183.9;   200.4;   221.1;   277.6;
1958;summer;   223.6;   223.2;   320.7;   337.7;   293.0;   203.1;   291.0;   290.2;   305.1;   256.5;   249.2;   318.3;   297.6;   231.7;   254.0;   282.1;   286.3;
1959;summer;   195.6;   195.0;   237.4;   304.0;   140.1;   181.8;   135.1;   135.6;   139.3;   152.7;   170.3;   165.1;   211.6;   142.7;   155.3;   171.1;   197.0;
1960;summer;   193.1;   193.1;   352.2;   325.5;   280.4;   300.2;   280.3;   281.2;   301.9;   273.8;   341.6;   343.5;   197.5;   163.4;   176.3;   192.4;   280.8;
1961;summer;   192.4;   192.6;   325.8;   319.9;   296.5;   242.1;   266.2;   266.4;   302.4;   275.4;   271.6;   290.0;   201.3;   175.8;   197.6;   225.0;   270.9;
1962;summer;   177.9;   177.4;   199.4;   206.3;   166.2;   197.0;   220.2;   220.3;   210.1;   125.1;   251.1;   119.5;   163.3;   164.6;   163.4;   161.9;   192.8;
1963;summer;   160.6;   161.1;   374.9;   332.1;   252.0;   189.4;   247.2;   247.4;   239.0;   222.0;   260.0;   310.8;   207.9;   172.4;   214.0;   266.3;   259.6;
1964;summer;   180.9;   180.7;   176.1;   214.4;   124.0;   159.4;   182.1;   182.5;   151.4;   120.8;   201.0;   127.6;   197.6;   169.4;   153.1;   132.6;   175.2;
1965;summer;   179.8;   179.5;   365.2;   372.7;   329.1;   205.6;   274.7;   274.4;   356.4;   278.8;   266.9;   254.8;   211.0;   189.4;   208.8;   233.1;   291.5;
1966;summer;   257.5;   256.4;   379.9;   438.4;   327.8;   236.8;   287.6;   287.0;   333.8;   313.9;   266.1;   310.5;   302.9;   251.6;   268.9;   290.7;   327.6;
1967;summer;   203.3;   203.6;   282.4;   270.3;   197.7;   192.6;   228.7;   228.4;   217.7;   221.5;   237.6;   232.8;   243.8;   216.0;   206.2;   193.9;   233.8;
1968;summer;   165.7;   166.4;   359.8;   365.8;   304.5;   205.6;   237.6;   237.2;   309.5;   350.8;   218.6;   324.1;   228.7;   157.0;   188.3;   227.7;   278.7;
1969;summer;   195.5;   195.2;   385.2;   340.5;   272.8;   180.4;   205.7;   204.9;   278.8;   272.0;   186.9;   235.1;   222.9;   156.4;   199.5;   253.7;   262.4;
1970;summer;   120.0;   120.2;   275.1;   336.9;   226.2;   136.4;   229.4;   229.3;   258.4;   217.0;   192.1;   235.7;   229.7;   229.1;   232.3;   236.3;   241.1;
1971;summer;   143.2;   143.4;   306.1;   298.4;   190.2;   155.1;   231.1;   231.1;   226.4;   198.2;   231.8;   239.5;   204.7;   170.0;   174.1;   179.2;   228.0;
1972;summer;   206.8;   206.2;   280.1;   279.6;   289.7;   235.9;   260.2;   259.5;   273.7;   225.5;   222.9;   218.4;   212.0;   237.6;   265.7;   301.0;   257.2;
1973;summer;   145.4;   145.3;   279.2;   272.2;   134.6;   133.9;   143.6;   144.1;   128.6;   143.9;   177.7;   171.9;   212.5;   125.9;   144.8;   168.5;   186.1;
1974;summer;   200.2;   199.9;   276.9;   355.1;   243.7;   186.8;   216.8;   217.6;   254.1;   215.3;   215.9;   189.6;   248.0;   185.7;   213.4;   248.3;   253.4;
1975;summer;   153.5;   152.6;   351.0;   383.3;   206.3;   129.0;   145.9;   145.3;   195.4;   210.5;   116.4;   181.0;   216.6;   127.4;   161.8;   205.1;   229.7;
1976;summer;    71.7;    71.3;   216.2;   228.5;   106.3;    83.5;   113.7;   113.5;   122.8;   112.3;    77.0;    82.9;   116.5;    83.1;    95.4;   110.8;   138.2;
1977;summer;   231.0;   231.6;   283.5;   351.7;   255.4;   210.3;   223.1;   222.7;   254.8;   249.6;   203.1;   234.1;   332.0;   243.9;   263.5;   288.1;   270.1;
1978;summer;   229.3;   229.1;   334.8;   338.0;   169.7;   198.1;   239.4;   239.5;   237.5;   183.3;   209.1;   245.7;   250.9;   175.7;   183.8;   193.9;   251.4;
1979;summer;   175.4;   174.7;   241.2;   328.6;   203.0;   194.5;   214.8;   214.6;   234.8;   206.3;   208.9;   209.1;   194.1;   160.9;   174.6;   191.8;   231.0;
1980;summer;   248.3;   247.0;   358.7;   348.3;   308.3;   298.6;   310.0;   311.2;   343.9;   355.2;   378.8;   421.0;   281.7;   211.0;   230.2;   254.3;   316.7;
1981;summer;   207.6;   208.2;   221.4;   316.9;   334.0;   222.3;   268.5;   268.2;   293.8;   260.2;   236.8;   249.2;   289.2;   204.1;   231.1;   265.1;   266.9;
1982;summer;   106.8;   107.0;   346.0;   327.0;   149.6;   146.2;   182.2;   181.9;   211.4;   199.3;   200.9;   244.7;   149.6;   112.6;   117.8;   124.4;   213.8;
1983;summer;   111.5;   112.1;   152.0;   237.5;   118.6;    89.0;    90.8;    90.3;   125.0;   109.1;    69.5;    89.0;   231.8;   124.2;   135.3;   149.2;   145.1;
1984;summer;   162.5;   163.0;   243.2;   280.5;   182.8;   186.5;   176.0;   176.0;   192.3;   174.2;   226.5;   152.7;   240.2;   157.2;   182.0;   213.2;   211.0;
1985;summer;   165.5;   165.2;   236.6;   332.0;   259.3;   189.0;   279.8;   279.7;   307.3;   233.0;   286.3;   205.5;   211.2;   167.7;   190.2;   218.5;   256.2;
1986;summer;   162.8;   162.5;   336.2;   303.2;   201.3;   181.6;   198.2;   197.8;   206.6;   202.8;   203.3;   241.3;   212.8;   165.3;   179.5;   197.3;   229.6;
1987;summer;   239.9;   239.8;   383.8;   360.8;   296.0;   267.2;   257.0;   256.9;   288.8;   302.7;   296.4;   345.1;   284.0;   220.6;   243.5;   272.2;   300.1;
1988;summer;   169.4;   168.6;   287.0;   312.0;   151.5;   185.4;   227.2;   227.0;   226.1;   159.5;   221.5;   200.0;   193.0;   148.6;   148.3;   148.0;   224.0;
1989;summer;   130.2;   130.2;   245.7;   287.4;   183.0;   178.9;   221.0;   222.4;   186.3;   189.8;   265.7;   173.9;   180.3;   138.3;   148.6;   161.5;   211.4;
1990;summer;   214.7;   213.4;   254.8;   290.0;   186.6;   189.7;   204.3;   205.1;   218.0;   210.7;   265.1;   233.0;   199.5;   178.7;   186.2;   195.6;   228.1;
1991;summer;   139.9;   140.0;   219.5;   316.5;   140.6;   201.6;   205.3;   206.0;   196.1;   143.7;   265.0;   149.5;   191.6;   140.2;   146.4;   154.2;   210.7;
1992;summer;   155.7;   155.5;   310.9;   319.8;   305.4;   151.0;   192.5;   191.8;   283.1;   264.4;   160.6;   259.0;   234.5;   202.4;   234.8;   275.6;   248.8;
1993;summer;   257.9;   258.9;   309.2;   398.5;   174.2;   264.7;   286.0;   286.5;   218.8;   145.0;   270.8;   165.7;   294.0;   239.2;   242.4;   246.5;   281.0;
1994;summer;   186.1;   186.2;   286.1;   261.0;   190.5;   181.0;   206.2;   206.8;   193.9;   183.7;   232.6;   180.4;   233.7;   191.6;   204.6;   220.9;   220.9;
1995;summer;   192.2;   192.3;   310.6;   371.0;   189.0;   172.8;   167.5;   167.2;   175.9;   195.9;   146.4;   202.8;   310.1;   154.4;   187.1;   228.2;   237.5;
1996;summer;   178.4;   178.3;   312.3;   331.2;   219.4;   144.9;   173.9;   173.4;   258.6;   167.4;   145.2;   174.9;   256.9;   167.4;   197.0;   234.1;   233.6;
1997;summer;   196.3;   197.1;   317.9;   330.5;   186.5;   160.4;   226.9;   227.2;   231.6;   226.7;   238.5;   285.4;   236.8;   190.8;   209.5;   233.1;   247.8;
1998;summer;   198.7;   198.5;   221.0;   275.5;   184.2;   238.1;   279.7;   280.7;   258.9;   155.2;   317.3;   158.2;   269.3;   190.0;   195.5;   202.5;   240.8;
1999;summer;   135.8;   135.9;   288.8;   279.6;   212.6;   176.5;   189.3;   188.5;   206.5;   198.6;   198.5;   224.9;   232.1;   155.4;   191.6;   237.2;   218.8;
2000;summer;   159.7;   159.3;   290.1;   309.6;   252.3;   201.0;   216.9;   216.6;   272.2;   286.0;   165.9;   318.2;   197.2;   166.7;   182.8;   203.1;   242.4;
2001;summer;   155.7;   155.9;   254.6;   293.2;   182.3;   193.3;   232.1;   233.0;   211.5;   181.3;   270.6;   222.4;   226.6;   185.7;   194.2;   204.8;   231.0;
2002;summer;   238.9;   239.1;   320.3;   380.7;   245.2;   236.7;   332.0;   332.8;   302.3;   210.8;   369.3;   203.6;   339.7;   261.9;   250.5;   236.2;   306.9;
2003;summer;   122.2;   122.1;   174.0;   188.4;   143.5;   140.5;   133.0;   133.0;   173.4;   136.0;   151.0;   134.9;   131.4;   115.8;   118.9;   122.7;   153.0;
2004;summer;   215.9;   215.9;   275.4;   293.3;   254.4;   234.6;   280.5;   280.6;   298.6;   260.0;   310.3;   279.2;   226.3;   211.8;   221.3;   233.2;   265.8;
2005;summer;   230.1;   229.4;   273.1;   336.8;   193.0;   176.5;   227.7;   228.5;   249.6;   175.4;   242.5;   176.6;   274.0;   177.0;   188.7;   203.4;   247.0;
2006;summer;   150.8;   150.1;   301.8;   294.9;   228.4;   194.3;   221.5;   221.4;   230.0;   225.1;   237.3;   238.9;   193.4;   148.6;   172.3;   202.1;   232.5;
2007;summer;   289.4;   288.1;   356.3;   351.8;   317.9;   324.6;   303.9;   304.8;   369.4;   276.1;   354.6;   305.9;   283.1;   286.7;   298.3;   312.9;   324.9;
2008;summer;   160.5;   161.6;   275.7;   286.0;   186.4;   161.6;   258.3;   258.9;   262.1;   212.2;   291.3;   226.9;   213.5;   183.6;   179.7;   174.9;   235.3;
2009;summer;   179.5;   179.9;   295.9;   318.5;   212.1;   176.3;   199.4;   199.7;   220.3;   222.6;   241.4;   237.2;   232.4;   158.2;   178.2;   203.2;   235.2;
2010;summer;   229.9;   231.4;   334.5;   416.5;   267.6;   212.7;   225.1;   224.7;   279.7;   260.5;   240.5;   245.7;   365.6;   199.1;   235.9;   282.1;   292.4;
2011;summer;   328.6;   328.0;   314.0;   345.9;   268.0;   409.9;   276.9;   277.6;   282.2;   249.6;   388.8;   266.2;   322.8;   256.1;   255.3;   254.3;   310.9;
2012;summer;   227.4;   226.3;   304.9;   327.6;   254.2;   182.8;   220.6;   220.6;   252.2;   244.8;   274.5;   239.6;   272.0;   213.9;   229.5;   249.1;   260.8;
2013;summer;   165.2;   165.3;   231.5;   262.3;   148.7;   145.0;   143.7;   144.0;   152.0;   163.2;   173.2;   181.2;   262.5;   124.3;   136.0;   151.3;   187.1;
2014;summer;   208.5;   209.8;   354.6;   315.3;   299.6;   223.8;   237.0;   236.1;   312.6;   292.2;   227.1;   273.0;   221.2;   228.8;   249.4;   276.3;   275.2;
2015;summer;   175.6;   176.3;   175.1;   191.1;   176.3;   168.6;   253.1;   252.9;   254.8;   163.2;   238.2;   129.9;   227.6;   225.5;   214.1;   199.4;   204.5;
2016;summer;   172.1;   172.3;   271.0;   314.1;   193.0;   165.5;   214.0;   214.4;   250.9;   211.8;   253.5;   206.5;   227.9;   139.8;   158.4;   182.7;   231.7;
2017;summer;   321.8;   319.3;   312.9;   336.6;   320.3;   305.4;   312.0;   311.6;   273.4;   255.8;   311.1;   257.8;   287.0;   268.7;   292.7;   324.1;   307.3;
1882;winter;    62.3;    62.2;    93.8;    87.3;   106.1;    73.6;   116.5;   116.4;   144.4;   112.8;   124.3;   124.7;    74.5;    61.1;    71.7;    85.0;    96.4;
1883;winter;    90.6;    90.3;   217.3;   197.4;   170.6;    65.3;   111.6;   111.3;   199.5;   174.5;   110.4;   199.3;   138.0;    86.5;   108.7;   136.5;   151.3;
1884;winter;   131.7;   131.4;   192.1;   172.8;   185.9;   150.5;   201.7;   201.8;   232.0;   188.7;   241.2;   223.7;   148.2;   126.9;   142.1;   161.2;   179.9;
1885;winter;   117.7;   117.2;   211.2;   152.0;   183.3;   117.4;   166.3;   166.3;   230.4;   218.3;   191.8;   266.9;   134.4;   116.6;   130.8;   148.7;   167.2;
1886;winter;    83.3;    83.3;   197.4;   149.3;   125.5;    74.1;   110.4;   110.3;   156.1;   151.1;   121.7;   202.7;   115.2;    77.7;    88.5;   102.0;   128.9;
1887;winter;    72.0;    71.9;   203.8;   141.2;   130.9;    66.6;    89.7;    89.5;   129.3;   150.3;   112.1;   200.6;   104.2;    67.9;    85.2;   107.0;   120.0;
1888;winter;   128.7;   128.4;   193.8;   191.5;   155.5;   121.5;   147.7;   147.3;   192.3;   167.6;   147.6;   195.5;   149.3;   125.2;   135.0;   147.4;   162.6;
1889;winter;    90.0;    89.7;   136.7;   130.8;    94.6;    90.0;   123.2;   123.1;   130.3;   107.4;   105.4;   124.7;   105.3;    88.9;    93.4;    99.1;   114.4;
1890;winter;    94.2;    94.0;   135.6;   128.1;   162.1;    81.4;   120.6;   120.2;   181.7;   169.5;   100.5;   205.6;   109.7;    97.3;   107.6;   120.5;   127.6;
1891;winter;    64.1;    64.3;    47.1;    71.0;    64.4;    65.4;    68.0;    67.9;    85.1;    58.5;    63.3;    51.8;   100.8;    62.6;    71.6;    82.9;    68.6;
1892;winter;   124.7;   125.2;   261.6;   264.2;   191.8;   137.0;   192.5;   192.5;   233.8;   205.8;   201.0;   243.7;   186.8;   130.9;   157.3;   190.7;   205.6;
1893;winter;   154.7;   154.9;   187.9;   192.3;   181.1;   161.6;   176.6;   176.4;   217.6;   209.4;   186.3;   249.9;   207.2;   143.3;   160.1;   181.2;   184.7;
1894;winter;    93.4;    93.4;   109.2;   109.1;   137.4;   112.9;   142.6;   143.0;   183.8;   154.2;   156.1;   199.0;    92.4;    79.6;    94.2;   112.7;   124.1;
1895;winter;   120.0;   120.3;   154.4;   148.7;   144.4;   135.6;   158.0;   157.7;   179.2;   146.0;   117.5;   169.3;   160.9;   131.4;   148.5;   170.2;   149.1;
1896;winter;    91.0;    91.1;   176.4;   177.4;   157.0;    85.9;   127.5;   127.2;   174.3;   155.6;   123.0;   168.5;   151.9;    99.1;   126.7;   161.5;   145.4;
1897;winter;    81.1;    81.2;   183.1;   166.8;   149.4;    78.6;    96.1;    95.5;   173.6;   165.3;    89.8;   197.2;   133.6;    91.3;   117.1;   149.5;   135.2;
1898;winter;   113.1;   113.2;   136.8;   154.8;   162.0;   133.1;   182.1;   182.1;   220.4;   167.7;   187.4;   164.4;   144.5;   107.6;   129.4;   157.0;   157.4;
1899;winter;   118.3;   118.2;   178.1;   167.0;   166.5;   142.2;   179.0;   179.0;   208.3;   170.3;   216.3;   199.7;   121.5;   115.1;   127.2;   142.4;   164.0;
1900;winter;   132.7;   133.2;   309.1;   252.5;   194.3;   131.7;   152.0;   151.8;   212.2;   244.2;   176.0;   312.2;   203.7;   135.1;   151.1;   171.3;   202.7;
1901;winter;    84.3;    84.6;   180.3;   158.8;   177.1;    96.2;   141.3;   140.7;   212.7;   152.3;   130.0;   170.5;   143.8;   109.9;   137.8;   172.9;   149.8;
1902;winter;   113.7;   113.8;   169.4;   159.1;   170.6;   144.7;   152.6;   152.7;   200.8;   175.0;   180.5;   258.5;   153.3;   105.0;   123.5;   146.8;   157.7;
1903;winter;   111.2;   111.2;   173.6;   181.3;   171.8;   139.4;   157.8;   157.6;   201.8;   162.9;   159.6;   182.1;   149.8;   105.5;   125.3;   150.2;   160.8;
1904;winter;    86.9;    87.1;   178.3;   121.6;   143.5;   105.9;   131.7;   131.5;   171.5;   155.7;   138.1;   204.4;   103.3;    87.5;   101.8;   119.8;   131.1;
1905;winter;   106.8;   106.8;   137.0;   160.4;   160.4;   114.9;   143.1;   142.5;   189.2;   152.9;   131.1;   186.2;   156.3;   107.2;   125.9;   149.5;   145.7;
1906;winter;   106.4;   106.5;   182.2;   147.7;   165.1;   137.1;   182.8;   182.9;   209.3;   159.9;   172.3;   227.7;   124.2;   113.6;   120.7;   129.6;   157.1;
1907;winter;   133.9;   133.3;   209.4;   187.4;   163.3;   122.0;   166.0;   165.5;   206.0;   156.8;   145.6;   191.8;   181.9;   117.1;   139.9;   168.5;   169.7;
1908;winter;   135.9;   135.7;   222.2;   196.5;   184.5;   145.8;   171.6;   171.2;   212.1;   192.0;   179.2;   231.2;   174.5;   121.1;   138.6;   160.5;   180.3;
1909;winter;    79.0;    79.1;   128.1;   135.6;   142.0;    76.1;   114.0;   113.6;   160.7;   119.1;    90.6;   127.9;   130.9;    79.3;   108.6;   145.6;   120.1;
1910;winter;   136.3;   136.1;   273.2;   230.0;   224.0;   157.2;   226.0;   226.1;   268.6;   268.3;   263.1;   367.7;   145.0;   114.1;   138.5;   169.1;   215.5;
1911;winter;   120.3;   120.2;   148.1;   137.4;   132.1;   129.3;   159.0;   159.1;   166.7;   131.4;   182.1;   159.3;   150.1;    94.7;   102.2;   111.7;   140.8;
1912;winter;   114.4;   114.1;   227.6;   208.1;   205.3;   115.8;   157.2;   157.1;   229.8;   203.9;   142.0;   294.6;   156.9;   124.4;   141.7;   163.4;   179.3;
1913;winter;   102.7;   102.6;   160.9;   133.0;   153.0;   130.2;   160.6;   160.2;   207.9;   164.6;   179.9;   218.2;   127.7;   103.2;   112.4;   124.0;   147.2;
1914;winter;   137.4;   136.9;   173.5;   153.6;   159.8;   131.4;   155.7;   155.6;   203.0;   167.1;   158.9;   227.2;   170.4;   115.4;   132.5;   154.1;   158.5;
1915;winter;   131.3;   131.3;   211.8;   197.6;   195.5;   135.6;   190.9;   190.2;   240.2;   203.9;   160.8;   298.4;   159.8;   141.9;   159.2;   180.9;   186.0;
1916;winter;   208.6;   208.7;   307.3;   278.1;   280.0;   228.1;   277.8;   278.4;   325.2;   279.9;   299.7;   391.0;   218.7;   194.7;   213.6;   237.3;   268.9;
1917;winter;   141.3;   140.7;   162.9;   158.7;   139.7;   143.3;   130.5;   130.2;   160.9;   156.1;   142.4;   175.3;   177.4;   134.2;   146.6;   162.2;   151.1;
1918;winter;   154.2;   153.4;   128.9;   119.1;   142.7;   151.0;   214.1;   213.8;   193.4;   137.9;   172.8;   172.7;   138.2;   132.1;   135.6;   140.0;   153.0;
1919;winter;   131.0;   131.1;   225.5;   216.7;   179.1;   155.4;   160.9;   160.9;   194.2;   198.9;   173.2;   273.6;   144.7;   119.5;   126.3;   134.9;   179.4;
1920;winter;   174.9;   174.7;   307.2;   272.7;   271.0;   191.5;   230.0;   229.8;   321.4;   269.6;   223.1;   347.7;   198.1;   150.3;   179.5;   216.2;   246.4;
1921;winter;   165.4;   165.5;   134.0;   147.5;   160.1;   165.5;   187.7;   187.7;   198.5;   139.5;   185.3;   159.2;   191.5;   147.8;   153.3;   160.3;   164.3;
1922;winter;   132.9;   132.9;   221.2;   194.1;   192.2;   164.8;   179.8;   179.7;   239.1;   187.3;   187.6;   220.8;   152.8;   113.7;   136.2;   164.5;   183.7;
1923;winter;   134.6;   134.6;   253.4;   238.5;   193.8;   129.7;   169.9;   169.8;   222.3;   219.4;   150.6;   263.5;   195.0;   115.8;   135.4;   160.1;   193.3;
1924;winter;    84.1;    84.1;   169.9;   157.5;   140.0;    89.9;   107.3;   107.0;   157.4;   142.9;    91.5;   176.1;   132.6;    80.1;    97.1;   118.6;   129.5;
1925;winter;    95.3;    94.9;   120.2;   112.2;   140.7;   109.4;   139.3;   139.1;   203.6;   143.1;   180.0;   210.3;    90.2;    81.9;    91.0;   102.5;   127.6;
1926;winter;   162.3;   162.0;   236.2;   207.1;   263.1;   189.4;   275.0;   275.1;   338.1;   267.9;   249.1;   348.9;   175.8;   169.2;   180.2;   194.1;   232.2;
1927;winter;   109.7;   109.7;   164.6;   154.2;   149.6;   111.6;   136.2;   135.8;   176.7;   150.9;   135.6;   170.7;   157.8;    98.2;   108.5;   121.5;   143.0;
1928;winter;   115.9;   115.9;   167.5;   163.6;   171.2;   139.6;   171.6;   171.9;   204.6;   179.8;   192.8;   233.8;   134.2;   100.8;   113.4;   129.2;   160.1;
1929;winter;    79.8;    80.0;   127.2;   136.2;   109.7;    77.4;    90.7;    90.4;   106.5;   129.4;    94.0;   127.1;   128.7;   100.6;   109.6;   120.9;   110.9;
1930;winter;    85.8;    85.6;   167.0;   128.7;   150.1;    99.1;   144.5;   144.5;   168.4;   164.7;   156.1;   213.4;   103.8;    92.0;   103.1;   117.0;   134.2;
1931;winter;    94.3;    94.2;   208.8;   178.0;   174.7;   113.1;   167.1;   166.6;   222.2;   214.8;   152.6;   259.3;   126.3;    94.7;   109.9;   129.1;   164.3;
1932;winter;    92.3;    92.4;   126.1;   132.3;   118.0;    97.6;   138.6;   138.1;   160.2;   118.2;   127.6;   154.0;   150.1;    86.5;    97.5;   111.4;   125.3;
1933;winter;    74.7;    74.7;    93.5;   106.8;    88.6;    75.4;    88.8;    88.7;   110.3;    67.4;   100.2;    90.5;    96.4;    63.3;    70.8;    80.1;    90.9;
1934;winter;    72.9;    73.0;    93.1;    85.7;    94.8;    90.3;    95.5;    95.5;   111.8;    94.5;   103.3;    99.3;   121.1;    88.1;    89.7;    91.8;    93.9;
1935;winter;   130.4;   130.1;   254.5;   233.1;   207.5;   128.2;   195.2;   194.6;   256.1;   227.4;   175.5;   293.0;   166.1;   132.1;   149.8;   172.0;   201.2;
1936;winter;   107.6;   107.6;   276.4;   213.5;   211.5;   123.6;   176.8;   177.0;   216.2;   238.2;   216.6;   331.9;   141.7;   117.8;   146.3;   182.3;   192.1;
1937;winter;   120.4;   120.5;   261.7;   229.7;   264.2;   134.8;   221.7;   221.2;   300.7;   264.9;   211.4;   335.3;   145.4;   127.8;   158.7;   197.4;   215.6;
1938;winter;   144.1;   144.3;   215.7;   197.6;   199.6;   136.2;   190.5;   189.8;   246.8;   214.1;   157.2;   281.0;   179.1;   149.7;   163.7;   181.3;   190.3;
1939;winter;    98.7;    98.6;   175.1;   164.4;   184.5;   111.4;   155.7;   155.6;   215.5;   182.3;   162.9;   230.2;   117.2;   102.7;   120.8;   143.6;   155.8;
1940;winter;   103.9;   103.9;   151.4;   159.7;   102.1;   104.3;    91.3;    91.5;   110.4;   123.0;    99.3;   158.2;   141.7;    73.8;    84.7;    98.4;   120.1;
1941;winter;   110.4;   110.5;   254.9;   212.9;   187.1;   101.9;   181.5;   181.2;   208.1;   198.3;   152.7;   296.6;   159.1;   125.5;   148.8;   178.1;   182.9;
1942;winter;    99.0;    99.1;   191.2;   163.6;   142.7;   105.0;   131.2;   131.1;   183.2;   150.4;   127.5;   179.2;   162.1;    88.2;   106.7;   130.1;   145.2;
1943;winter;    79.3;    79.1;   141.4;   104.7;   120.8;   111.0;   149.3;   149.3;   176.2;   142.4;   157.9;   186.3;    86.5;    66.2;    76.8;    90.1;   121.7;
1944;winter;   120.3;   120.0;   205.2;   206.5;   162.3;   105.8;   158.7;   158.4;   231.2;   161.9;   152.1;   193.1;   204.8;   122.1;   141.5;   165.8;   174.2;
1945;winter;   106.7;   106.1;   219.7;   195.8;   215.1;   117.5;   169.5;   169.7;   232.3;   215.4;   201.9;   267.6;   106.2;   100.5;   119.1;   142.6;   176.1;
1946;winter;   168.9;   168.4;   248.5;   231.9;   267.5;   152.9;   243.6;   242.7;   331.3;   242.1;   214.2;   350.8;   226.4;   173.4;   192.7;   217.0;   232.6;
1947;winter;    53.1;    53.3;   126.9;   147.9;   105.9;    39.1;    66.2;    65.9;    97.7;   110.6;    60.0;   158.0;    91.2;    64.3;    83.8;   108.4;    97.1;
1948;winter;   209.4;   209.1;   371.3;   357.6;   337.0;   189.5;   285.2;   284.2;   380.4;   320.1;   217.9;   459.4;   284.4;   201.2;   246.6;   303.6;   304.0;
1949;winter;    70.1;    70.0;   103.2;    89.3;    96.7;    76.7;    96.9;    96.8;   112.4;   101.0;   108.7;   127.9;    84.4;    67.2;    79.2;    94.2;    92.5;
1950;winter;   191.6;   191.3;   226.9;   227.3;   226.9;   238.9;   246.4;   246.6;   266.1;   211.8;   270.3;   255.6;   206.2;   179.2;   199.7;   225.4;   228.7;
1951;winter;   107.9;   107.8;   200.9;   174.7;   177.6;   120.6;   177.8;   177.9;   216.1;   220.8;   215.9;   277.1;   121.1;   108.2;   123.3;   142.2;   169.9;
1952;winter;    92.3;    92.1;   214.1;   184.0;   174.8;   103.1;   158.2;   157.8;   229.7;   200.1;   166.5;   238.3;   125.3;    85.4;   107.7;   135.8;   164.1;
1953;winter;   119.3;   119.3;   203.2;   163.4;   154.4;   137.6;   128.1;   128.0;   186.3;   198.1;   129.3;   239.7;   145.9;   110.4;   129.8;   154.2;   155.6;
1954;winter;    64.7;    64.5;   157.0;   137.9;   129.2;    86.3;   112.5;   112.3;   166.7;   127.3;   115.1;   149.7;    96.4;    68.5;    87.9;   112.3;   120.3;
1955;winter;   135.5;   135.5;   323.3;   242.9;   235.3;   145.7;   193.1;   193.4;   239.4;   240.7;   192.6;   306.3;   175.7;   143.7;   163.2;   187.7;   214.8;
1956;winter;   139.8;   139.6;   218.3;   196.7;   186.6;   161.5;   186.8;   187.0;   208.1;   198.4;   210.2;   251.4;   148.6;   120.0;   134.5;   152.7;   183.3;
1957;winter;   113.0;   113.2;   203.7;   196.2;   198.9;   118.5;   181.6;   181.6;   240.6;   197.4;   192.5;   240.6;   164.0;   117.0;   134.4;   156.2;   179.6;
1958;winter;   146.4;   146.3;   330.6;   267.7;   237.3;   154.4;   234.4;   233.9;   279.9;   239.9;   213.3;   353.5;   166.5;   156.7;   167.8;   181.7;   232.5;
1959;winter;    80.6;    80.7;   213.7;   168.4;   157.7;    87.8;   131.1;   130.7;   176.6;   164.1;   129.4;   227.0;   115.2;    84.5;   102.2;   124.4;   144.3;
1960;winter;   103.7;   103.4;   196.5;   190.9;   173.7;   123.4;   129.4;   129.2;   190.2;   190.5;   157.4;   311.2;   134.7;    95.2;   113.7;   137.0;   159.0;
1961;winter;   149.9;   149.9;   184.1;   171.4;   231.5;   172.0;   258.5;   258.1;   282.3;   224.1;   219.1;   288.8;   154.7;   157.5;   166.1;   177.0;   201.2;
1962;winter;   150.2;   149.7;   280.8;   254.9;   237.7;   164.9;   259.8;   259.6;   287.1;   222.6;   259.3;   303.4;   159.2;   144.8;   164.7;   189.6;   230.3;
1963;winter;    67.0;    67.1;   160.1;   147.4;   135.7;    75.1;   111.3;   110.7;   161.1;   133.6;    89.5;   141.2;    97.1;    76.0;    86.4;    99.6;   120.8;
1964;winter;    53.4;    53.4;    76.9;    75.2;    67.4;    53.0;    73.1;    73.1;    87.3;    71.5;    74.2;    88.4;    79.3;    47.7;    56.4;    67.2;    70.6;
1965;winter;   112.3;   112.3;   202.6;   192.7;   207.2;   116.9;   167.5;   167.1;   224.1;   210.0;   180.4;   240.0;   167.1;   112.9;   138.4;   170.5;   176.2;
1966;winter;   165.3;   164.9;   297.2;   247.3;   275.1;   188.4;   265.1;   265.6;   344.5;   281.7;   285.8;   398.4;   181.6;   167.4;   192.6;   224.3;   250.7;
1967;winter;   182.8;   182.4;   264.1;   263.2;   258.8;   188.1;   234.2;   234.3;   313.2;   232.5;   274.2;   285.7;   207.8;   155.9;   178.2;   206.3;   239.6;
1968;winter;   133.9;   133.8;   279.9;   249.7;   251.3;   147.9;   184.5;   184.4;   260.0;   244.0;   183.0;   334.0;   218.3;   138.1;   173.5;   218.1;   216.6;
1969;winter;   104.6;   104.5;   176.0;   137.7;   134.5;   105.4;   133.1;   133.5;   149.5;   165.8;   139.7;   221.3;   127.5;   109.4;   114.6;   121.2;   136.5;
1970;winter;   111.2;   110.8;   327.3;   259.5;   212.1;    82.6;   153.0;   152.2;   225.7;   238.5;   117.8;   326.9;   151.1;   147.5;   163.0;   182.5;   199.7;
1971;winter;    82.8;    82.9;   113.0;   125.2;   135.7;    94.5;   108.6;   108.3;   153.6;   137.3;   111.4;   175.7;   125.5;    77.2;    92.9;   112.7;   116.7;
1972;winter;    70.2;    70.2;    65.7;    68.6;    51.6;    60.6;    78.1;    78.1;    74.9;    67.9;    69.5;    95.5;    94.6;    58.6;    54.1;    48.4;    69.2;
1973;winter;    61.2;    61.0;   128.7;   111.3;    93.6;    73.4;    90.2;    90.0;   134.1;    99.8;   106.6;   124.8;    82.2;    61.6;    73.2;    87.7;    98.5;
1974;winter;   130.6;   129.9;   200.2;   201.3;   171.2;   141.2;   175.4;   175.7;   219.5;   167.1;   192.2;   209.4;   147.7;   112.2;   127.7;   147.2;   175.3;
1975;winter;   167.1;   166.5;   231.7;   238.8;   220.7;   162.2;   208.9;   208.9;   258.3;   206.1;   234.7;   236.2;   219.2;   134.1;   158.7;   189.6;   212.7;
1976;winter;   154.7;   154.8;   144.1;   155.1;   158.5;   158.6;   197.8;   197.7;   213.7;   133.3;   199.2;   147.4;   177.6;   133.8;   146.0;   161.5;   166.6;
1977;winter;    99.3;    99.3;   299.8;   225.2;   210.6;   131.1;   157.9;   158.2;   198.9;   249.7;   188.1;   376.5;   109.1;    93.5;   115.9;   144.1;   187.4;
1978;winter;    85.6;    85.5;   209.6;   166.8;   138.3;   108.6;   127.1;   127.1;   151.6;   177.7;   146.4;   236.9;    82.0;    79.1;    91.1;   106.3;   140.2;
1979;winter;   149.0;   148.6;   274.5;   197.1;   214.0;   138.4;   182.4;   182.2;   229.9;   240.6;   179.8;   352.6;   156.2;   145.5;   159.3;   176.8;   196.1;
1980;winter;   136.8;   137.0;   260.0;   221.7;   243.1;   146.6;   198.3;   198.4;   254.6;   256.8;   215.3;   339.6;   167.7;   129.7;   152.1;   180.2;   207.4;
1981;winter;   115.8;   115.5;   235.3;   213.0;   194.4;   130.6;   200.2;   200.1;   256.1;   210.9;   201.4;   257.4;   151.5;   120.1;   135.9;   155.8;   191.7;
1982;winter;   116.2;   116.1;   320.1;   258.6;   203.3;   109.5;   143.1;   142.7;   199.3;   243.9;   127.5;   293.1;   151.8;   111.6;   135.2;   164.9;   194.2;
1983;winter;   130.5;   130.3;   316.9;   275.8;   247.2;   148.0;   209.8;   210.0;   271.6;   255.2;   219.1;   332.0;   174.2;   116.1;   141.1;   172.6;   226.1;
1984;winter;   144.8;   144.1;   278.9;   217.5;   254.9;   162.0;   230.1;   230.0;   289.5;   283.9;   239.3;   371.0;   134.0;   133.5;   155.5;   183.1;   219.9;
1985;winter;    85.2;    85.2;   170.0;   167.6;   120.7;   108.9;   112.6;   112.2;   133.2;   126.8;   108.3;   152.9;   108.9;    81.2;    90.8;   103.0;   127.7;
1986;winter;   138.2;   138.2;   240.7;   204.5;   184.2;   160.4;   193.9;   193.6;   242.9;   174.6;   204.9;   222.5;   168.7;   132.2;   153.8;   181.0;   192.2;
1987;winter;   200.7;   200.0;   229.9;   244.2;   227.8;   159.1;   271.3;   270.3;   289.1;   211.4;   183.4;   234.9;   277.4;   212.2;   225.3;   241.9;   235.7;
1988;winter;   164.9;   164.2;   250.7;   234.0;   239.5;   175.4;   223.4;   223.4;   256.1;   249.7;   261.9;   290.1;   188.2;   146.1;   168.8;   197.3;   220.5;
1989;winter;   102.5;   102.3;   212.1;   231.0;   185.1;    91.0;   149.9;   149.7;   223.0;   178.1;   145.2;   200.6;   182.2;   107.8;   137.2;   174.1;   175.7;
1990;winter;   131.5;   131.0;   289.3;   239.3;   281.4;   150.8;   218.9;   218.4;   298.7;   296.4;   240.5;   376.3;   117.0;   132.8;   161.5;   197.6;   224.7;
1991;winter;   102.9;   102.4;   161.2;   134.4;   175.4;   104.5;   143.8;   143.4;   197.7;   179.1;   163.2;   250.8;    91.0;    97.2;   109.4;   124.7;   142.0;
1992;winter;   120.3;   120.4;   182.4;   171.9;   145.5;   116.7;   156.4;   156.5;   186.8;   152.9;   151.8;   169.8;   187.9;   112.9;   124.2;   138.4;   156.9;
1993;winter;   136.6;   136.3;   153.0;   168.3;   192.0;   138.9;   194.5;   194.1;   253.2;   182.9;   188.0;   211.4;   149.3;   132.1;   150.7;   174.0;   174.4;
1994;winter;   189.8;   189.7;   338.2;   273.9;   325.3;   206.5;   291.1;   290.8;   347.7;   365.7;   279.3;   503.8;   188.7;   190.9;   222.9;   263.2;   278.6;
1995;winter;   174.7;   174.5;   316.8;   283.4;   311.8;   205.2;   302.9;   303.0;   386.3;   346.0;   331.8;   455.8;   176.0;   160.6;   192.6;   232.9;   278.6;
1996;winter;    66.5;    66.5;   145.8;   135.6;   112.3;    74.4;    87.9;    87.5;   124.3;   134.3;    80.9;   173.5;    81.4;    65.2;    78.6;    95.5;   107.2;
1997;winter;    73.6;    73.4;   182.7;   137.6;   152.2;    81.0;   136.2;   135.8;   178.9;   174.0;   130.9;   229.9;   111.8;    97.8;   119.9;   147.6;   136.9;
1998;winter;   137.8;   137.8;   217.8;   164.1;   146.4;   160.3;   172.9;   172.9;   181.7;   171.4;   215.5;   214.8;   150.4;   134.8;   144.0;   155.5;   169.2;
1999;winter;   130.9;   130.8;   263.7;   234.3;   184.8;   148.5;   214.9;   215.2;   250.0;   206.3;   210.4;   238.4;   171.0;   119.3;   133.6;   151.7;   203.0;
2000;winter;   181.0;   180.9;   350.3;   291.3;   264.2;   223.7;   264.5;   265.2;   325.1;   278.3;   322.1;   354.9;   224.6;   177.1;   210.6;   252.8;   271.1;
2001;winter;   108.5;   108.1;   201.6;   181.2;   199.9;   114.9;   167.6;   167.2;   217.5;   230.3;   149.7;   308.4;    99.7;   107.4;   117.7;   130.7;   168.8;
2002;winter;   174.6;   174.6;   248.1;   245.0;   259.5;   205.4;   280.9;   281.0;   328.5;   253.8;   300.8;   336.6;   197.7;   158.5;   186.2;   221.0;   248.6;
2003;winter;    81.8;    81.7;   209.1;   213.6;   192.0;    65.2;   170.5;   169.5;   235.6;   194.4;   101.8;   245.9;   148.6;   126.6;   151.0;   181.8;   175.0;
2004;winter;   149.7;   149.2;   239.2;   234.5;   200.2;   164.8;   253.7;   253.2;   282.5;   192.0;   251.1;   234.7;   172.1;   148.4;   156.9;   167.7;   216.4;
2005;winter;   132.8;   132.9;   219.4;   210.5;   174.8;   141.7;   165.2;   164.9;   230.2;   167.7;   182.5;   205.8;   197.8;   121.7;   152.9;   192.2;   183.8;
2006;winter;   125.0;   125.1;   155.8;   169.5;   145.0;   130.3;   141.9;   141.7;   174.9;   146.3;   135.4;   182.6;   168.5;   119.6;   130.3;   143.7;   150.5;
2007;winter;   168.1;   167.7;   231.6;   212.7;   225.6;   182.8;   257.9;   257.9;   291.2;   229.3;   285.9;   312.2;   169.0;   149.1;   163.7;   182.2;   220.7;
2008;winter;   143.9;   143.6;   201.3;   167.3;   178.8;   155.2;   228.5;   228.8;   228.6;   198.3;   211.9;   271.0;   143.0;   122.1;   133.4;   147.5;   182.4;
2009;winter;   105.1;   105.1;   172.6;   166.4;   153.4;   106.7;   123.3;   123.1;   166.3;   156.9;   105.2;   188.3;   159.4;   107.5;   126.3;   149.8;   143.8;
2010;winter;   121.3;   121.4;   226.2;   190.0;   196.3;   121.2;   172.2;   172.0;   215.1;   214.8;   170.2;   296.3;   150.4;   140.5;   157.8;   179.6;   179.6;
2011;winter;   133.7;   133.7;   237.1;   205.3;   188.8;   132.5;   161.1;   161.2;   223.5;   210.8;   159.1;   248.2;   179.0;   123.5;   144.5;   171.0;   183.4;
2012;winter;   176.7;   176.8;   315.6;   282.8;   254.8;   183.1;   272.6;   273.3;   297.3;   269.9;   272.0;   347.7;   213.1;   155.3;   181.6;   214.7;   254.2;
2013;winter;   144.9;   145.1;   260.4;   261.0;   202.4;   170.5;   192.0;   191.9;   240.6;   208.9;   208.3;   271.2;   208.3;   150.3;   173.1;   203.0;   213.5;
2014;winter;    79.5;    79.3;   164.4;    94.6;   126.9;   100.2;   128.9;   129.3;   152.2;   156.6;   179.6;   228.0;    67.7;    77.5;    81.6;    87.0;   118.2;
2015;winter;   126.1;   125.7;   207.7;   172.8;   175.5;   188.0;   206.2;   207.1;   223.1;   199.8;   307.1;   249.1;   124.5;   109.3;   123.6;   142.1;   183.2;
2016;winter;   116.7;   116.6;   247.5;   217.0;   195.4;   139.1;   189.2;   189.6;   239.3;   205.2;   233.0;   281.0;   142.1;   110.8;   132.9;   161.7;   191.5;
2017;winter;   116.6;   116.6;    96.3;   101.6;    91.1;   132.4;   147.3;   147.8;   143.7;    92.6;   156.8;   120.1;   125.9;    93.3;    92.7;    92.0;   116.4;
